N_unmapped	16822	16819	16857
N_multimapping	13630	13348	13288
N_noFeature	8727	8906	8868
N_ambiguous	847	867	877
gene1	31	35	28
gene2	32	26	32
gene3	34	26	32
gene4	34	32	30
gene5	28	32	23
gene6	28	23	37
gene7	31	32	33
gene8	25	35	38
gene9	27	28	37
gene10	24	31	32
gene11	24	45	35
gene12	25	22	31
gene13	33	36	25
gene14	28	31	20
gene15	24	34	35
gene16	33	17	32
gene17	34	27	36
gene18	24	29	31
gene19	28	27	38
gene20	43	31	24
gene21	25	34	44
gene22	35	24	27
gene23	27	33	25
gene24	26	28	22
gene25	35	22	24
gene26	28	27	28
gene27	28	36	42
gene28	28	15	38
gene29	18	45	32
gene30	29	32	38
gene31	18	38	34
gene32	26	38	34
gene33	29	30	35
gene34	28	27	24
gene35	29	27	29
gene36	26	26	28
gene37	21	36	28
gene38	26	29	28
gene39	39	26	36
gene40	31	24	40
gene41	27	24	25
gene42	19	31	33
gene43	37	28	39
gene44	36	23	32
gene45	31	34	36
gene46	31	24	24
gene47	21	26	36
gene48	31	36	28
gene49	40	43	33
gene50	38	35	18
gene51	22	20	26
gene52	32	21	28
gene53	30	26	24
gene54	30	29	32
gene55	34	27	35
gene56	28	35	38
gene57	38	45	26
gene58	21	28	36
gene59	24	38	26
gene60	27	28	21
gene61	21	26	35
gene62	38	28	37
gene63	34	25	34
gene64	29	21	35
gene65	38	26	25
gene66	23	26	30
gene67	20	29	37
gene68	28	32	25
gene69	12	30	25
gene70	25	22	37
gene71	26	33	30
gene72	25	29	24
gene73	25	29	24
gene74	24	20	31
gene75	41	31	30
gene76	31	19	27
gene77	23	24	36
gene78	30	29	23
gene79	32	34	31
gene80	34	26	38
gene81	40	27	32
gene82	32	22	24
gene83	37	30	25
gene84	24	26	33
gene85	30	23	22
gene86	38	25	29
gene87	38	28	30
gene88	37	39	31
gene89	28	32	19
gene90	33	22	20
gene91	26	32	34
gene92	23	23	22
gene93	44	24	25
gene94	26	28	27
gene95	30	31	37
gene96	28	33	25
gene97	23	27	26
gene98	36	25	51
gene99	27	29	30
gene100	31	19	27
gene101	35	33	30
gene102	31	32	31
gene103	23	27	33
gene104	28	34	28
gene105	28	28	31
gene106	30	36	30
gene107	32	27	27
gene108	40	31	31
gene109	35	39	31
gene110	33	27	37
gene111	33	35	33
gene112	27	24	41
gene113	25	16	28
gene114	20	28	22
gene115	26	37	24
gene116	37	27	30
gene117	35	24	25
gene118	33	34	19
gene119	20	37	35
gene120	30	35	31
gene121	26	28	31
gene122	28	28	40
gene123	32	34	29
gene124	31	40	31
gene125	28	26	24
gene126	35	32	43
gene127	37	28	31
gene128	27	36	22
gene129	28	28	24
gene130	26	31	28
gene131	29	25	42
gene132	29	39	35
gene133	36	30	24
gene134	37	32	28
gene135	30	24	35
gene136	26	29	39
gene137	23	28	18
gene138	32	29	22
gene139	27	25	31
gene140	33	31	31
gene141	22	40	43
gene142	30	29	36
gene143	37	21	30
gene144	33	31	23
gene145	27	26	26
gene146	39	23	29
gene147	26	33	27
gene148	38	32	26
gene149	28	28	40
gene150	32	34	34
gene151	37	36	37
gene152	32	30	26
gene153	30	26	31
gene154	32	25	43
gene155	22	30	31
gene156	44	37	28
gene157	43	36	30
gene158	33	29	42
gene159	34	28	24
gene160	41	32	41
gene161	23	38	30
gene162	34	30	29
gene163	35	31	34
gene164	22	28	29
gene165	19	33	21
gene166	35	26	26
gene167	33	25	27
gene168	27	19	26
gene169	27	32	28
gene170	37	28	35
gene171	22	34	26
gene172	28	31	40
gene173	36	27	28
gene174	30	25	25
gene175	36	31	27
gene176	30	26	35
gene177	31	23	26
gene178	34	40	33
gene179	30	21	29
gene180	24	29	31
gene181	27	33	29
gene182	36	29	35
gene183	31	36	43
gene184	34	33	20
gene185	20	32	32
gene186	30	25	34
gene187	28	30	20
gene188	29	31	22
gene189	29	32	25
gene190	34	31	32
gene191	30	28	23
gene192	39	31	21
gene193	22	31	34
gene194	45	36	30
gene195	22	30	29
gene196	25	32	34
gene197	31	31	29
gene198	34	27	35
gene199	34	34	27
gene200	33	30	32
gene201	30	34	25
gene202	28	26	33
gene203	40	43	25
gene204	20	31	26
gene205	30	16	34
gene206	35	33	30
gene207	31	38	26
gene208	28	33	29
gene209	27	34	29
gene210	34	28	30
gene211	36	29	24
gene212	38	39	26
gene213	24	34	33
gene214	36	43	38
gene215	24	37	28
gene216	32	35	43
gene217	27	32	22
gene218	22	15	33
gene219	23	20	34
gene220	37	32	26
gene221	22	27	21
gene222	26	34	41
gene223	33	24	34
gene224	27	25	29
gene225	45	28	36
gene226	24	30	25
gene227	31	32	32
gene228	36	26	30
gene229	33	19	23
gene230	36	39	31
gene231	21	30	23
gene232	34	27	33
gene233	26	27	35
gene234	35	27	33
gene235	22	31	24
gene236	35	37	32
gene237	41	23	29
gene238	27	28	36
gene239	32	28	29
gene240	25	33	21
gene241	31	34	27
gene242	30	31	29
gene243	32	37	35
gene244	28	22	32
gene245	36	29	36
gene246	22	35	31
gene247	27	26	37
gene248	31	38	41
gene249	35	31	26
gene250	36	36	39
gene251	26	30	33
gene252	43	33	23
gene253	30	24	28
gene254	19	35	41
gene255	38	37	27
gene256	37	30	24
gene257	28	35	29
gene258	26	33	30
gene259	26	31	36
gene260	24	31	42
gene261	34	27	33
gene262	35	37	27
gene263	38	25	29
gene264	38	29	32
gene265	33	22	32
gene266	38	27	28
gene267	31	26	37
gene268	34	30	34
gene269	32	23	36
gene270	30	26	40
gene271	24	33	40
gene272	27	38	26
gene273	29	35	31
gene274	36	23	22
gene275	22	35	29
gene276	30	24	33
gene277	37	19	31
gene278	30	35	37
gene279	30	40	33
gene280	35	34	21
gene281	29	39	30
gene282	35	27	39
gene283	35	26	28
gene284	34	28	31
gene285	34	26	20
gene286	28	31	30
gene287	32	33	32
gene288	30	32	28
gene289	25	39	29
gene290	26	37	25
gene291	28	29	31
gene292	31	43	27
gene293	28	28	36
gene294	31	29	37
gene295	28	24	28
gene296	38	21	32
gene297	37	37	29
gene298	34	36	35
gene299	30	28	36
gene300	26	32	33
gene301	34	27	24
gene302	26	33	27
gene303	28	19	25
gene304	29	35	44
gene305	34	33	26
gene306	32	42	29
gene307	31	21	29
gene308	23	22	24
gene309	35	33	27
gene310	42	28	31
gene311	38	18	22
gene312	30	22	30
gene313	22	26	36
gene314	32	20	29
gene315	29	22	22
gene316	37	38	22
gene317	31	38	34
gene318	35	23	26
gene319	30	28	30
gene320	25	28	24
gene321	36	17	29
gene322	28	31	27
gene323	29	28	29
gene324	30	35	26
gene325	26	35	23
gene326	29	25	28
gene327	25	35	27
gene328	27	29	34
gene329	24	34	29
gene330	24	28	36
gene331	26	41	36
gene332	22	28	24
gene333	30	32	30
gene334	24	26	29
gene335	29	30	33
gene336	31	27	28
gene337	30	27	19
gene338	35	32	30
gene339	21	41	31
gene340	28	26	30
gene341	30	27	36
gene342	30	27	34
gene343	33	34	27
gene344	29	29	36
gene345	20	26	26
gene346	33	33	29
gene347	32	27	28
gene348	31	29	32
gene349	22	23	45
gene350	33	28	41
gene351	25	35	29
gene352	21	20	34
gene353	28	28	23
gene354	27	30	22
gene355	36	30	32
gene356	37	28	34
gene357	28	23	27
gene358	45	26	31
gene359	37	35	25
gene360	34	28	29
gene361	26	35	16
gene362	31	43	33
gene363	20	32	30
gene364	29	35	36
gene365	26	38	24
gene366	33	26	24
gene367	27	28	41
gene368	29	29	34
gene369	34	25	32
gene370	30	22	35
gene371	30	39	23
gene372	31	27	26
gene373	24	48	23
gene374	37	20	28
gene375	31	19	38
gene376	38	28	23
gene377	29	35	40
gene378	32	31	39
gene379	33	28	37
gene380	23	30	30
gene381	30	31	33
gene382	28	29	36
gene383	33	25	41
gene384	35	36	41
gene385	27	37	21
gene386	32	31	29
gene387	26	33	32
gene388	33	31	34
gene389	39	30	28
gene390	37	27	38
gene391	29	36	34
gene392	40	31	26
gene393	22	35	26
gene394	30	30	26
gene395	24	24	28
gene396	34	30	29
gene397	23	30	28
gene398	28	38	26
gene399	27	27	27
gene400	38	30	25
gene401	26	33	18
gene402	37	26	46
gene403	26	34	28
gene404	25	27	30
gene405	46	34	30
gene406	26	34	22
gene407	30	39	25
gene408	40	30	19
gene409	28	24	36
gene410	30	31	33
gene411	39	26	30
gene412	32	30	30
gene413	31	44	37
gene414	28	23	42
gene415	35	37	35
gene416	34	31	27
gene417	42	20	32
gene418	36	20	24
gene419	26	30	25
gene420	30	26	36
gene421	27	31	33
gene422	33	29	31
gene423	39	33	26
gene424	32	33	28
gene425	26	27	31
gene426	36	27	31
gene427	29	40	31
gene428	37	26	23
gene429	25	37	37
gene430	29	24	29
gene431	24	31	33
gene432	25	27	22
gene433	20	26	25
gene434	31	35	29
gene435	23	27	39
gene436	31	28	29
gene437	37	29	27
gene438	28	38	28
gene439	30	24	37
gene440	28	35	37
gene441	43	24	28
gene442	24	32	28
gene443	34	27	24
gene444	30	24	33
gene445	18	38	24
gene446	28	37	30
gene447	28	33	30
gene448	29	35	24
gene449	27	28	22
gene450	29	36	29
gene451	31	29	30
gene452	23	22	28
gene453	32	34	24
gene454	26	21	32
gene455	35	38	26
gene456	29	21	30
gene457	25	30	36
gene458	34	32	27
gene459	40	51	36
gene460	34	36	24
gene461	28	28	37
gene462	31	23	27
gene463	34	29	36
gene464	39	35	44
gene465	28	29	34
gene466	32	33	26
gene467	24	32	32
gene468	32	34	36
gene469	30	35	16
gene470	24	21	40
gene471	22	38	28
gene472	29	35	31
gene473	42	31	31
gene474	31	29	26
gene475	43	39	28
gene476	30	26	21
gene477	27	24	28
gene478	32	22	33
gene479	25	35	26
gene480	17	23	31
gene481	32	35	36
gene482	36	28	31
gene483	33	34	29
gene484	17	24	20
gene485	28	29	24
gene486	30	40	26
gene487	44	27	29
gene488	24	29	26
gene489	33	34	25
gene490	33	36	32
gene491	47	15	32
gene492	24	27	38
gene493	29	27	24
gene494	25	30	34
gene495	33	37	35
gene496	41	36	29
gene497	35	35	32
gene498	18	32	31
gene499	21	35	26
gene500	30	32	23
gene501	25	24	30
gene502	32	29	25
gene503	19	40	34
gene504	29	30	25
gene505	26	36	35
gene506	26	34	24
gene507	44	24	37
gene508	28	32	31
gene509	33	32	23
gene510	28	34	31
gene511	32	27	31
gene512	34	28	26
gene513	38	39	37
gene514	26	35	30
gene515	36	27	35
gene516	30	28	28
gene517	40	25	27
gene518	31	34	34
gene519	18	30	25
gene520	30	34	29
gene521	32	32	32
gene522	32	35	37
gene523	32	34	32
gene524	26	27	36
gene525	28	30	34
gene526	21	31	29
gene527	25	29	38
gene528	38	21	23
gene529	26	34	25
gene530	32	24	14
gene531	33	33	30
gene532	36	32	32
gene533	26	25	30
gene534	32	32	40
gene535	32	29	25
gene536	24	35	34
gene537	29	30	32
gene538	28	26	21
gene539	17	23	31
gene540	28	35	35
gene541	35	29	31
gene542	28	30	24
gene543	22	30	32
gene544	25	31	28
gene545	38	35	28
gene546	31	29	36
gene547	39	37	36
gene548	33	26	29
gene549	27	23	29
gene550	31	27	28
gene551	32	28	32
gene552	31	27	28
gene553	31	24	28
gene554	31	17	26
gene555	25	32	23
gene556	25	27	26
gene557	27	26	29
gene558	29	25	25
gene559	45	22	35
gene560	37	29	31
gene561	28	30	36
gene562	36	30	22
gene563	44	36	29
gene564	23	30	24
gene565	19	32	32
gene566	34	35	27
gene567	40	38	30
gene568	33	28	31
gene569	22	36	27
gene570	27	29	25
gene571	34	30	31
gene572	29	35	26
gene573	31	30	25
gene574	33	33	24
gene575	30	30	30
gene576	30	31	39
gene577	17	32	37
gene578	31	38	32
gene579	36	28	31
gene580	38	35	26
gene581	32	35	40
gene582	24	32	20
gene583	31	30	25
gene584	38	42	37
gene585	36	27	33
gene586	30	25	32
gene587	26	28	27
gene588	41	27	28
gene589	33	38	29
gene590	28	23	35
gene591	37	20	25
gene592	27	38	25
gene593	31	32	34
gene594	32	28	32
gene595	31	34	35
gene596	27	26	35
gene597	39	29	25
gene598	37	27	29
gene599	31	33	24
gene600	23	34	24
gene601	31	32	24
gene602	32	23	28
gene603	28	25	35
gene604	30	36	27
gene605	38	26	34
gene606	23	32	31
gene607	37	26	36
gene608	24	34	29
gene609	31	31	22
gene610	28	32	37
gene611	33	33	22
gene612	24	35	26
gene613	21	32	29
gene614	32	39	27
gene615	38	26	28
gene616	39	40	25
gene617	31	31	35
gene618	30	42	27
gene619	27	21	24
gene620	26	31	30
gene621	24	33	24
gene622	38	33	34
gene623	34	25	34
gene624	20	41	31
gene625	23	42	26
gene626	20	33	37
gene627	28	27	34
gene628	32	27	32
gene629	33	27	24
gene630	31	40	30
gene631	30	30	39
gene632	32	29	31
gene633	36	28	34
gene634	26	38	31
gene635	28	44	26
gene636	37	19	33
gene637	34	40	29
gene638	29	48	30
gene639	21	24	29
gene640	24	31	40
gene641	30	29	32
gene642	26	30	34
gene643	25	26	41
gene644	27	25	22
gene645	34	34	26
gene646	36	34	27
gene647	36	28	17
gene648	26	36	32
gene649	34	31	21
gene650	26	28	26
gene651	25	25	40
gene652	25	33	21
gene653	24	37	22
gene654	26	40	26
gene655	40	33	25
gene656	30	36	40
gene657	25	32	26
gene658	22	38	23
gene659	30	30	26
gene660	27	25	37
gene661	27	34	29
gene662	36	38	27
gene663	18	30	37
gene664	30	27	33
gene665	40	21	28
gene666	36	25	26
gene667	34	33	31
gene668	26	26	33
gene669	29	31	22
gene670	29	29	27
gene671	22	29	28
gene672	40	32	34
gene673	34	26	26
gene674	27	34	25
gene675	21	38	33
gene676	27	33	32
gene677	35	30	29
gene678	25	30	30
gene679	31	27	30
gene680	29	26	38
gene681	27	25	29
gene682	26	35	32
gene683	32	35	25
gene684	20	29	34
gene685	39	46	31
gene686	21	30	35
gene687	29	32	39
gene688	26	30	24
gene689	32	22	25
gene690	39	34	28
gene691	25	25	30
gene692	37	19	39
gene693	21	28	30
gene694	41	34	33
gene695	39	20	31
gene696	27	26	26
gene697	28	27	32
gene698	32	32	37
gene699	27	35	34
gene700	26	29	33
gene701	28	43	35
gene702	19	25	31
gene703	22	34	31
gene704	24	29	35
gene705	32	27	28
gene706	20	23	36
gene707	21	34	33
gene708	20	23	19
gene709	23	29	29
gene710	19	36	22
gene711	26	23	27
gene712	37	31	28
gene713	25	20	29
gene714	18	23	25
gene715	38	27	29
gene716	25	28	32
gene717	32	36	35
gene718	26	31	22
gene719	33	37	37
gene720	35	23	24
gene721	38	29	32
gene722	35	32	31
gene723	34	29	30
gene724	34	26	40
gene725	19	22	28
gene726	27	33	25
gene727	36	29	31
gene728	38	39	31
gene729	35	31	29
gene730	29	23	27
gene731	29	31	34
gene732	38	23	34
gene733	36	38	25
gene734	29	26	25
gene735	33	31	36
gene736	17	30	24
gene737	26	26	29
gene738	27	27	28
gene739	29	28	31
gene740	28	28	41
gene741	38	37	25
gene742	29	34	32
gene743	28	29	28
gene744	30	35	30
gene745	19	22	36
gene746	24	25	42
gene747	32	26	27
gene748	33	33	37
gene749	21	32	32
gene750	24	25	29
gene751	31	22	30
gene752	24	21	28
gene753	31	25	30
gene754	25	26	24
gene755	36	32	27
gene756	33	35	34
gene757	23	28	23
gene758	29	25	22
gene759	21	30	35
gene760	30	26	29
gene761	33	31	27
gene762	34	34	20
gene763	37	30	32
gene764	23	28	26
gene765	22	31	22
gene766	26	34	33
gene767	20	24	29
gene768	30	33	26
gene769	33	28	32
gene770	36	23	35
gene771	29	22	25
gene772	31	37	36
gene773	31	35	32
gene774	37	17	21
gene775	34	34	24
gene776	23	44	34
gene777	34	24	23
gene778	34	19	23
gene779	41	30	27
gene780	37	25	35
gene781	40	18	35
gene782	30	36	23
gene783	40	31	29
gene784	37	21	29
gene785	32	30	27
gene786	20	31	34
gene787	23	31	32
gene788	30	32	27
gene789	32	28	32
gene790	42	33	27
gene791	39	30	33
gene792	26	28	25
gene793	25	42	32
gene794	25	27	29
gene795	31	33	31
gene796	34	20	45
gene797	32	27	45
gene798	30	26	32
gene799	25	29	24
gene800	31	33	38
gene801	27	30	35
gene802	26	35	32
gene803	24	31	24
gene804	29	29	26
gene805	35	29	32
gene806	33	22	26
gene807	22	34	24
gene808	38	26	25
gene809	23	35	30
gene810	37	39	41
gene811	21	34	25
gene812	27	34	27
gene813	37	26	39
gene814	30	23	27
gene815	37	30	32
gene816	32	35	32
gene817	30	31	27
gene818	34	30	27
gene819	32	28	23
gene820	38	37	34
gene821	27	29	35
gene822	29	38	29
gene823	27	24	32
gene824	25	23	36
gene825	33	31	34
gene826	30	26	35
gene827	19	27	37
gene828	29	35	29
gene829	25	22	38
gene830	30	30	23
gene831	22	36	22
gene832	38	33	29
gene833	30	38	22
gene834	31	29	18
gene835	34	24	26
gene836	27	26	37
gene837	38	31	27
gene838	29	28	30
gene839	31	34	31
gene840	35	27	21
gene841	24	28	34
gene842	35	25	21
gene843	34	29	23
gene844	25	31	39
gene845	28	29	32
gene846	28	34	32
gene847	28	41	36
gene848	32	42	35
gene849	24	26	31
gene850	33	21	27
gene851	30	26	37
gene852	31	38	30
gene853	27	33	26
gene854	32	30	32
gene855	26	37	31
gene856	29	35	39
gene857	35	30	40
gene858	26	41	19
gene859	23	33	32
gene860	34	33	29
gene861	24	25	29
gene862	34	31	27
gene863	38	27	32
gene864	41	28	39
gene865	21	30	36
gene866	34	20	23
gene867	27	25	26
gene868	24	37	20
gene869	32	24	31
gene870	30	28	24
gene871	25	30	40
gene872	49	17	26
gene873	33	26	34
gene874	32	44	31
gene875	29	23	31
gene876	20	43	33
gene877	25	29	31
gene878	39	20	29
gene879	37	26	30
gene880	34	35	32
gene881	26	36	31
gene882	34	31	36
gene883	30	36	36
gene884	36	33	24
gene885	36	26	26
gene886	31	26	32
gene887	24	33	32
gene888	35	30	29
gene889	27	31	18
gene890	28	22	31
gene891	30	36	32
gene892	27	29	28
gene893	26	39	21
gene894	36	33	38
gene895	32	36	21
gene896	37	34	25
gene897	26	25	34
gene898	31	26	37
gene899	32	36	37
gene900	40	19	28
gene901	24	28	31
gene902	26	34	32
gene903	32	30	29
gene904	39	21	35
gene905	37	30	29
gene906	37	22	30
gene907	27	23	25
gene908	31	29	42
gene909	29	25	27
gene910	29	30	31
gene911	29	32	28
gene912	32	29	35
gene913	26	35	23
gene914	33	24	32
gene915	33	24	20
gene916	35	30	25
gene917	24	27	25
gene918	28	24	18
gene919	25	26	20
gene920	35	33	28
gene921	38	32	31
gene922	49	27	35
gene923	29	21	31
gene924	41	16	39
gene925	27	28	31
gene926	27	33	27
gene927	20	30	28
gene928	34	33	31
gene929	28	22	28
gene930	29	29	32
gene931	33	24	25
gene932	24	24	21
gene933	28	18	33
gene934	23	31	25
gene935	32	42	39
gene936	28	37	32
gene937	39	33	29
gene938	31	24	33
gene939	30	32	28
gene940	19	29	17
gene941	21	32	37
gene942	26	31	27
gene943	31	37	24
gene944	24	28	23
gene945	41	30	35
gene946	29	41	35
gene947	35	33	31
gene948	28	19	33
gene949	35	27	26
gene950	36	34	25
gene951	37	40	35
gene952	32	26	25
gene953	26	35	26
gene954	43	35	32
gene955	26	43	36
gene956	38	33	29
gene957	31	30	37
gene958	31	32	30
gene959	28	26	27
gene960	31	38	26
gene961	34	25	34
gene962	30	29	41
gene963	31	39	29
gene964	28	30	24
gene965	31	28	31
gene966	31	27	25
gene967	26	26	26
gene968	35	32	47
gene969	27	26	27
gene970	27	25	17
gene971	33	46	37
gene972	25	29	25
gene973	38	32	29
gene974	27	32	41
gene975	34	30	25
gene976	29	30	21
gene977	23	28	30
gene978	23	26	27
gene979	26	22	34
gene980	30	31	33
gene981	30	35	29
gene982	21	35	40
gene983	33	27	33
gene984	36	25	27
gene985	30	31	31
gene986	31	33	43
gene987	26	22	26
gene988	42	22	17
gene989	30	31	21
gene990	33	30	30
gene991	25	32	35
gene992	28	21	23
gene993	31	39	35
gene994	37	29	31
gene995	31	29	35
gene996	33	34	30
gene997	33	27	26
gene998	35	24	23
gene999	36	33	19
gene1000	36	24	25
gene1001	21	20	39
gene1002	34	21	37
gene1003	29	34	27
gene1004	30	35	29
gene1005	29	25	21
gene1006	36	36	32
gene1007	25	29	28
gene1008	39	21	42
gene1009	26	32	20
gene1010	22	30	33
gene1011	28	36	30
gene1012	38	27	40
gene1013	33	30	27
gene1014	28	40	27
gene1015	35	24	27
gene1016	22	24	36
gene1017	36	32	32
gene1018	26	29	32
gene1019	20	25	29
gene1020	25	27	31
gene1021	42	28	22
gene1022	31	39	24
gene1023	31	25	25
gene1024	30	21	35
gene1025	42	39	31
gene1026	30	36	35
gene1027	23	27	31
gene1028	36	30	27
gene1029	25	31	27
gene1030	36	37	40
gene1031	26	38	24
gene1032	33	29	23
gene1033	29	33	33
gene1034	31	29	33
gene1035	39	24	34
gene1036	31	25	31
gene1037	35	31	26
gene1038	32	31	30
gene1039	28	31	33
gene1040	26	36	22
gene1041	33	28	29
gene1042	33	33	23
gene1043	22	23	19
gene1044	31	33	32
gene1045	40	34	46
gene1046	23	29	33
gene1047	24	36	31
gene1048	29	36	32
gene1049	35	32	27
gene1050	28	23	33
gene1051	33	27	24
gene1052	31	35	27
gene1053	27	25	25
gene1054	25	34	36
gene1055	19	26	32
gene1056	26	29	28
gene1057	23	33	30
gene1058	33	32	36
gene1059	27	28	23
gene1060	41	31	30
gene1061	31	31	28
gene1062	40	28	35
gene1063	26	25	23
gene1064	31	21	32
gene1065	26	26	30
gene1066	35	31	43
gene1067	30	30	27
gene1068	35	26	37
gene1069	27	32	27
gene1070	35	27	26
gene1071	31	34	26
gene1072	25	28	36
gene1073	34	29	22
gene1074	27	37	25
gene1075	34	32	29
gene1076	26	30	33
gene1077	32	20	33
gene1078	31	28	22
gene1079	34	26	24
gene1080	36	32	32
gene1081	35	32	22
gene1082	32	28	33
gene1083	26	32	27
gene1084	25	35	25
gene1085	32	18	35
gene1086	41	29	34
gene1087	34	32	29
gene1088	25	33	17
gene1089	26	28	34
gene1090	32	23	22
gene1091	24	30	27
gene1092	27	21	38
gene1093	37	32	24
gene1094	23	26	28
gene1095	26	32	33
gene1096	32	20	28
gene1097	26	37	41
gene1098	28	30	29
gene1099	21	24	34
gene1100	37	33	27
gene1101	33	22	17
gene1102	28	12	21
gene1103	29	28	21
gene1104	39	31	34
gene1105	31	30	37
gene1106	33	30	28
gene1107	32	27	27
gene1108	25	25	23
gene1109	32	28	35
gene1110	34	33	42
gene1111	40	30	29
gene1112	26	35	43
gene1113	33	38	36
gene1114	33	34	31
gene1115	24	34	22
gene1116	32	30	40
gene1117	31	34	28
gene1118	32	34	36
gene1119	30	28	44
gene1120	28	28	39
gene1121	35	29	35
gene1122	41	31	35
gene1123	36	33	31
gene1124	28	36	27
gene1125	26	24	24
gene1126	35	32	23
gene1127	35	31	33
gene1128	26	36	32
gene1129	40	25	23
gene1130	28	34	30
gene1131	33	27	27
gene1132	35	33	23
gene1133	22	24	24
gene1134	25	23	41
gene1135	27	33	36
gene1136	14	35	21
gene1137	25	24	37
gene1138	28	26	31
gene1139	27	27	28
gene1140	21	31	23
gene1141	27	34	36
gene1142	32	45	35
gene1143	20	30	30
gene1144	28	34	35
gene1145	34	29	32
gene1146	32	25	23
gene1147	35	44	30
gene1148	28	21	21
gene1149	34	33	27
gene1150	31	23	28
gene1151	32	27	34
gene1152	33	24	29
gene1153	31	35	27
gene1154	30	31	26
gene1155	36	27	35
gene1156	31	28	31
gene1157	31	24	25
gene1158	17	33	23
gene1159	33	32	33
gene1160	36	40	28
gene1161	18	25	27
gene1162	37	37	29
gene1163	31	23	32
gene1164	28	28	33
gene1165	27	35	25
gene1166	30	30	41
gene1167	31	29	26
gene1168	31	24	41
gene1169	25	30	37
gene1170	21	36	35
gene1171	22	37	31
gene1172	29	28	32
gene1173	31	31	29
gene1174	24	30	34
gene1175	31	29	30
gene1176	24	39	37
gene1177	31	36	32
gene1178	28	29	24
gene1179	28	47	33
gene1180	28	27	30
gene1181	27	31	35
gene1182	31	29	21
gene1183	20	28	35
gene1184	33	35	26
gene1185	34	33	38
gene1186	23	17	23
gene1187	29	34	37
gene1188	25	34	29
gene1189	24	28	26
gene1190	33	19	24
gene1191	28	30	29
gene1192	30	24	30
gene1193	27	21	36
gene1194	33	28	34
gene1195	28	24	37
gene1196	32	36	23
gene1197	23	30	20
gene1198	39	31	28
gene1199	25	28	34
gene1200	25	26	28
gene1201	32	28	26
gene1202	28	25	28
gene1203	25	26	34
gene1204	21	28	40
gene1205	30	24	36
gene1206	30	32	39
gene1207	32	37	24
gene1208	27	29	26
gene1209	29	22	24
gene1210	32	20	32
gene1211	37	35	32
gene1212	25	41	30
gene1213	23	34	25
gene1214	30	29	30
gene1215	32	37	27
gene1216	35	36	24
gene1217	34	25	41
gene1218	29	21	30
gene1219	33	22	40
gene1220	39	19	31
gene1221	29	46	35
gene1222	33	43	25
gene1223	24	34	27
gene1224	34	31	40
gene1225	26	35	29
gene1226	33	23	22
gene1227	27	27	33
gene1228	25	29	31
gene1229	31	35	30
gene1230	25	32	27
gene1231	42	24	36
gene1232	28	25	29
gene1233	28	23	33
gene1234	27	30	43
gene1235	30	39	21
gene1236	32	29	31
gene1237	31	31	26
gene1238	31	38	44
gene1239	37	19	41
gene1240	34	28	27
gene1241	23	28	28
gene1242	30	39	27
gene1243	44	37	36
gene1244	27	37	28
gene1245	30	26	31
gene1246	19	48	28
gene1247	33	23	29
gene1248	32	28	35
gene1249	37	44	35
gene1250	38	31	32
gene1251	30	18	33
gene1252	44	29	33
gene1253	38	35	37
gene1254	23	25	29
gene1255	37	34	37
gene1256	21	36	28
gene1257	34	25	32
gene1258	36	37	32
gene1259	28	30	26
gene1260	27	30	28
gene1261	30	36	42
gene1262	24	31	26
gene1263	24	31	22
gene1264	28	29	32
gene1265	25	25	32
gene1266	35	29	29
gene1267	23	27	43
gene1268	25	34	23
gene1269	30	37	29
gene1270	34	33	31
gene1271	23	27	32
gene1272	26	23	30
gene1273	23	35	28
gene1274	27	32	33
gene1275	27	23	38
gene1276	39	33	27
gene1277	36	28	25
gene1278	31	31	30
gene1279	34	33	30
gene1280	34	34	31
gene1281	26	33	28
gene1282	29	28	25
gene1283	33	29	34
gene1284	27	30	34
gene1285	32	25	40
gene1286	35	31	25
gene1287	28	40	23
gene1288	37	23	31
gene1289	33	33	34
gene1290	33	25	24
gene1291	27	30	33
gene1292	28	28	30
gene1293	27	21	29
gene1294	20	27	20
gene1295	34	30	36
gene1296	39	22	19
gene1297	36	24	33
gene1298	35	25	28
gene1299	21	22	21
gene1300	33	37	20
gene1301	25	34	30
gene1302	21	38	33
gene1303	29	17	24
gene1304	22	27	35
gene1305	34	25	27
gene1306	31	37	34
gene1307	35	23	27
gene1308	26	25	42
gene1309	21	25	21
gene1310	31	32	25
gene1311	28	25	38
gene1312	34	25	39
gene1313	21	28	31
gene1314	22	33	36
gene1315	25	36	31
gene1316	36	29	35
gene1317	23	30	36
gene1318	41	25	29
gene1319	24	34	27
gene1320	28	29	26
gene1321	28	20	31
gene1322	40	34	31
gene1323	23	34	34
gene1324	19	27	35
gene1325	38	34	34
gene1326	27	33	30
gene1327	34	35	23
gene1328	29	26	28
gene1329	32	34	33
gene1330	27	33	27
gene1331	38	25	26
gene1332	29	38	31
gene1333	35	34	23
gene1334	40	36	31
gene1335	21	28	35
gene1336	14	36	32
gene1337	31	34	26
gene1338	33	26	34
gene1339	35	17	27
gene1340	35	23	34
gene1341	26	19	22
gene1342	24	37	27
gene1343	35	19	32
gene1344	25	31	39
gene1345	32	26	30
gene1346	25	45	28
gene1347	28	24	27
gene1348	25	32	29
gene1349	43	29	26
gene1350	33	23	33
gene1351	25	23	33
gene1352	29	23	30
gene1353	36	35	44
gene1354	28	22	36
gene1355	33	28	26
gene1356	31	41	30
gene1357	25	18	26
gene1358	21	32	27
gene1359	17	29	30
gene1360	36	39	31
gene1361	22	35	34
gene1362	38	33	26
gene1363	24	32	32
gene1364	41	31	32
gene1365	31	43	21
gene1366	36	26	33
gene1367	31	32	29
gene1368	31	23	31
gene1369	33	24	32
gene1370	31	36	37
gene1371	27	37	31
gene1372	26	25	35
gene1373	25	32	21
gene1374	31	27	30
gene1375	31	35	31
gene1376	21	27	27
gene1377	23	25	34
gene1378	35	33	35
gene1379	34	18	35
gene1380	28	26	34
gene1381	27	36	36
gene1382	36	31	35
gene1383	25	30	25
gene1384	30	27	29
gene1385	33	33	29
gene1386	24	33	33
gene1387	37	26	39
gene1388	31	33	33
gene1389	29	29	37
gene1390	29	23	36
gene1391	27	35	31
gene1392	31	38	30
gene1393	35	22	34
gene1394	31	26	33
gene1395	33	31	24
gene1396	38	34	32
gene1397	33	33	34
gene1398	34	30	41
gene1399	29	40	37
gene1400	25	40	41
gene1401	28	26	30
gene1402	25	27	23
gene1403	30	27	31
gene1404	35	31	32
gene1405	41	18	34
gene1406	34	32	25
gene1407	27	40	31
gene1408	25	26	36
gene1409	28	34	36
gene1410	34	26	34
gene1411	25	24	29
gene1412	27	33	29
gene1413	30	33	20
gene1414	21	34	19
gene1415	31	39	24
gene1416	18	31	36
gene1417	22	20	29
gene1418	35	24	30
gene1419	21	34	29
gene1420	34	35	24
gene1421	31	21	29
gene1422	33	29	38
gene1423	25	27	27
gene1424	29	30	32
gene1425	35	30	29
gene1426	35	29	29
gene1427	23	32	28
gene1428	26	22	32
gene1429	33	33	38
gene1430	28	27	32
gene1431	27	31	34
gene1432	27	24	30
gene1433	24	30	31
gene1434	28	44	32
gene1435	29	25	31
gene1436	39	35	26
gene1437	32	26	28
gene1438	28	29	38
gene1439	25	20	33
gene1440	27	31	23
gene1441	35	29	24
gene1442	27	33	27
gene1443	29	33	30
gene1444	29	28	33
gene1445	38	29	29
gene1446	34	30	36
gene1447	24	32	30
gene1448	34	31	36
gene1449	33	27	38
gene1450	35	29	32
gene1451	36	29	23
gene1452	29	35	37
gene1453	35	24	35
gene1454	30	24	33
gene1455	37	33	23
gene1456	21	27	25
gene1457	37	28	30
gene1458	29	28	27
gene1459	22	20	35
gene1460	43	30	36
gene1461	29	20	26
gene1462	26	30	39
gene1463	37	21	31
gene1464	33	37	37
gene1465	31	37	34
gene1466	21	36	29
gene1467	30	30	22
gene1468	27	20	28
gene1469	34	37	30
gene1470	27	24	32
gene1471	24	32	34
gene1472	41	27	30
gene1473	30	26	30
gene1474	25	21	21
gene1475	30	32	30
gene1476	31	25	35
gene1477	34	41	31
gene1478	31	33	28
gene1479	26	21	19
gene1480	25	25	33
gene1481	22	28	34
gene1482	33	30	21
gene1483	40	26	24
gene1484	35	37	19
gene1485	25	17	32
gene1486	26	17	29
gene1487	28	28	29
gene1488	36	33	32
gene1489	26	27	29
gene1490	27	25	32
gene1491	25	27	32
gene1492	26	25	27
gene1493	32	35	29
gene1494	27	27	28
gene1495	30	30	24
gene1496	33	25	33
gene1497	44	32	27
gene1498	23	34	23
gene1499	26	40	43
gene1500	27	23	41
gene1501	32	36	30
gene1502	23	30	28
gene1503	23	31	28
gene1504	27	26	34
gene1505	23	42	31
gene1506	18	33	22
gene1507	28	26	37
gene1508	32	29	31
gene1509	22	33	28
gene1510	34	36	28
gene1511	28	38	27
gene1512	28	34	44
gene1513	38	28	29
gene1514	38	29	26
gene1515	19	28	33
gene1516	26	33	34
gene1517	31	30	24
gene1518	25	32	25
gene1519	23	32	32
gene1520	32	20	36
gene1521	27	27	25
gene1522	29	41	26
gene1523	28	35	27
gene1524	38	26	38
gene1525	40	24	27
gene1526	29	22	28
gene1527	27	16	35
gene1528	25	23	32
gene1529	18	42	41
gene1530	27	33	32
gene1531	31	31	35
gene1532	22	32	28
gene1533	25	21	32
gene1534	34	37	39
gene1535	22	32	31
gene1536	34	40	33
gene1537	36	36	37
gene1538	39	25	26
gene1539	20	40	29
gene1540	36	28	33
gene1541	28	26	36
gene1542	45	35	34
gene1543	32	28	38
gene1544	23	28	24
gene1545	34	32	33
gene1546	24	32	33
gene1547	29	31	30
gene1548	28	26	38
gene1549	28	36	31
gene1550	24	25	24
gene1551	29	29	33
gene1552	23	28	21
gene1553	28	30	29
gene1554	17	31	32
gene1555	21	29	26
gene1556	32	30	31
gene1557	21	38	27
gene1558	30	37	30
gene1559	21	33	30
gene1560	25	28	20
gene1561	30	25	27
gene1562	36	27	29
gene1563	35	25	24
gene1564	24	31	33
gene1565	30	25	31
gene1566	34	26	30
gene1567	30	37	25
gene1568	31	39	21
gene1569	42	24	34
gene1570	33	22	25
gene1571	39	39	33
gene1572	30	27	18
gene1573	45	26	23
gene1574	23	33	17
gene1575	29	34	26
gene1576	33	29	33
gene1577	26	31	28
gene1578	40	25	30
gene1579	33	34	22
gene1580	26	28	33
gene1581	29	33	31
gene1582	33	31	29
gene1583	33	30	32
gene1584	39	33	25
gene1585	32	32	25
gene1586	33	35	36
gene1587	27	24	35
gene1588	27	25	33
gene1589	32	33	30
gene1590	37	33	31
gene1591	27	38	26
gene1592	29	26	33
gene1593	30	29	33
gene1594	32	38	26
gene1595	30	35	27
gene1596	33	40	29
gene1597	35	40	24
gene1598	33	23	28
gene1599	30	26	36
gene1600	23	35	30
gene1601	42	34	29
gene1602	23	38	32
gene1603	29	29	33
gene1604	27	27	27
gene1605	32	21	32
gene1606	39	27	41
gene1607	21	32	20
gene1608	31	28	30
gene1609	28	35	32
gene1610	38	32	37
gene1611	22	41	33
gene1612	26	26	26
gene1613	33	30	32
gene1614	36	36	28
gene1615	37	32	35
gene1616	31	35	27
gene1617	29	35	32
gene1618	30	30	30
gene1619	30	36	41
gene1620	32	35	30
gene1621	25	37	19
gene1622	29	40	26
gene1623	28	28	27
gene1624	26	28	45
gene1625	32	32	37
gene1626	35	28	34
gene1627	32	29	36
gene1628	17	33	26
gene1629	30	38	23
gene1630	25	31	32
gene1631	39	26	42
gene1632	27	32	30
gene1633	36	20	26
gene1634	26	24	31
gene1635	28	34	23
gene1636	24	20	24
gene1637	19	38	25
gene1638	33	29	27
gene1639	25	30	28
gene1640	38	27	32
gene1641	33	30	32
gene1642	32	28	34
gene1643	33	30	32
gene1644	28	38	41
gene1645	21	35	23
gene1646	28	31	30
gene1647	31	28	29
gene1648	25	26	41
gene1649	28	43	30
gene1650	30	29	30
gene1651	29	27	27
gene1652	36	40	23
gene1653	31	29	24
gene1654	43	36	18
gene1655	33	25	30
gene1656	19	52	41
gene1657	28	39	21
gene1658	34	27	23
gene1659	33	30	28
gene1660	32	26	32
gene1661	38	27	18
gene1662	40	35	29
gene1663	35	34	28
gene1664	38	26	30
gene1665	25	30	25
gene1666	30	36	32
gene1667	31	30	27
gene1668	29	28	36
gene1669	33	30	34
gene1670	37	34	23
gene1671	40	36	28
gene1672	30	36	34
gene1673	24	33	22
gene1674	31	24	29
gene1675	33	27	33
gene1676	28	31	40
gene1677	27	26	28
gene1678	29	40	28
gene1679	33	30	33
gene1680	21	32	28
gene1681	29	26	43
gene1682	27	29	28
gene1683	25	24	28
gene1684	34	35	31
gene1685	22	25	32
gene1686	30	30	30
gene1687	34	34	27
gene1688	33	39	33
gene1689	32	44	36
gene1690	25	34	29
gene1691	32	30	34
gene1692	22	36	33
gene1693	25	20	38
gene1694	31	27	32
gene1695	27	23	36
gene1696	27	33	33
gene1697	28	29	25
gene1698	26	30	29
gene1699	23	36	31
gene1700	34	37	31
gene1701	28	27	34
gene1702	37	31	25
gene1703	24	23	33
gene1704	37	31	37
gene1705	27	30	31
gene1706	30	39	29
gene1707	35	28	32
gene1708	27	32	22
gene1709	30	35	36
gene1710	39	26	31
gene1711	32	28	21
gene1712	18	26	32
gene1713	29	32	29
gene1714	26	29	21
gene1715	36	27	20
gene1716	27	35	38
gene1717	36	30	19
gene1718	30	31	15
gene1719	32	30	23
gene1720	22	32	32
gene1721	23	29	24
gene1722	29	21	30
gene1723	35	32	27
gene1724	34	39	25
gene1725	25	33	27
gene1726	38	37	36
gene1727	23	37	38
gene1728	38	30	27
gene1729	38	31	30
gene1730	34	31	36
gene1731	21	24	23
gene1732	23	23	27
gene1733	36	38	19
gene1734	28	32	25
gene1735	25	22	29
gene1736	28	30	29
gene1737	32	36	27
gene1738	34	40	23
gene1739	34	32	31
gene1740	35	25	35
gene1741	32	31	25
gene1742	30	19	33
gene1743	20	25	27
gene1744	29	34	38
gene1745	30	29	21
gene1746	19	27	29
gene1747	35	24	33
gene1748	27	40	44
gene1749	30	46	37
gene1750	26	34	25
gene1751	32	20	32
gene1752	29	28	36
gene1753	27	29	34
gene1754	25	32	29
gene1755	20	28	24
gene1756	33	26	30
gene1757	32	25	33
gene1758	25	35	33
gene1759	34	35	23
gene1760	28	30	36
gene1761	29	32	26
gene1762	37	30	28
gene1763	10	19	29
gene1764	37	35	23
gene1765	35	24	35
gene1766	24	26	26
gene1767	30	22	32
gene1768	23	37	36
gene1769	31	28	28
gene1770	24	29	29
gene1771	38	24	22
gene1772	33	36	28
gene1773	34	25	23
gene1774	39	29	22
gene1775	26	22	29
gene1776	18	26	24
gene1777	28	31	26
gene1778	36	28	30
gene1779	29	37	34
gene1780	25	36	31
gene1781	22	16	30
gene1782	26	37	43
gene1783	44	32	28
gene1784	29	32	31
gene1785	28	27	31
gene1786	34	27	27
gene1787	23	33	34
gene1788	29	35	35
gene1789	24	37	35
gene1790	30	28	22
gene1791	23	39	40
gene1792	19	21	28
gene1793	25	26	23
gene1794	38	37	36
gene1795	31	23	28
gene1796	26	33	24
gene1797	23	35	38
gene1798	28	25	28
gene1799	29	29	24
gene1800	36	36	28
gene1801	39	31	27
gene1802	26	35	30
gene1803	24	28	32
gene1804	32	30	32
gene1805	37	37	39
gene1806	31	25	27
gene1807	31	34	37
gene1808	27	29	31
gene1809	33	31	28
gene1810	32	24	31
gene1811	30	24	29
gene1812	35	32	29
gene1813	22	36	19
gene1814	28	35	26
gene1815	31	30	23
gene1816	36	18	33
gene1817	29	30	37
gene1818	29	24	30
gene1819	28	38	43
gene1820	31	32	33
gene1821	35	36	26
gene1822	33	30	24
gene1823	35	39	37
gene1824	26	33	32
gene1825	30	36	24
gene1826	36	20	33
gene1827	37	34	30
gene1828	37	28	32
gene1829	21	25	33
gene1830	39	23	38
gene1831	30	29	27
gene1832	30	27	33
gene1833	23	27	36
gene1834	35	30	30
gene1835	36	28	33
gene1836	38	31	25
gene1837	28	30	28
gene1838	30	20	29
gene1839	30	27	31
gene1840	30	31	29
gene1841	25	27	37
gene1842	33	22	38
gene1843	35	25	32
gene1844	28	33	43
gene1845	37	34	24
gene1846	20	38	27
gene1847	22	24	37
gene1848	30	22	26
gene1849	25	26	25
gene1850	30	33	23
gene1851	31	33	37
gene1852	31	28	28
gene1853	29	30	25
gene1854	33	21	20
gene1855	34	36	32
gene1856	27	22	36
gene1857	26	35	23
gene1858	32	27	31
gene1859	35	25	19
gene1860	30	40	31
gene1861	44	30	27
gene1862	26	34	25
gene1863	29	31	32
gene1864	21	26	32
gene1865	31	37	23
gene1866	27	25	20
gene1867	19	39	35
gene1868	29	39	36
gene1869	27	18	29
gene1870	25	28	25
gene1871	28	30	27
gene1872	32	30	41
gene1873	36	35	30
gene1874	31	45	22
gene1875	35	32	30
gene1876	17	27	30
gene1877	33	28	32
gene1878	25	35	30
gene1879	33	26	36
gene1880	40	29	37
gene1881	31	34	28
gene1882	29	29	32
gene1883	37	29	22
gene1884	35	40	34
gene1885	32	31	44
gene1886	39	24	46
gene1887	41	44	25
gene1888	36	34	32
gene1889	34	31	34
gene1890	27	19	24
gene1891	16	30	40
gene1892	35	32	39
gene1893	31	31	26
gene1894	33	27	38
gene1895	22	35	34
gene1896	23	25	32
gene1897	19	40	29
gene1898	31	24	25
gene1899	24	35	25
gene1900	30	35	28
gene1901	27	28	40
gene1902	23	38	29
gene1903	37	29	35
gene1904	21	29	20
gene1905	28	38	25
gene1906	26	35	29
gene1907	25	31	34
gene1908	26	20	31
gene1909	34	30	26
gene1910	29	30	34
gene1911	36	40	39
gene1912	26	29	35
gene1913	44	20	29
gene1914	34	28	27
gene1915	22	27	40
gene1916	18	29	22
gene1917	36	32	30
gene1918	23	30	22
gene1919	25	31	31
gene1920	32	27	24
gene1921	29	35	26
gene1922	36	31	32
gene1923	32	28	21
gene1924	29	30	19
gene1925	29	23	32
gene1926	41	33	28
gene1927	31	38	31
gene1928	26	35	28
gene1929	23	41	31
gene1930	27	26	27
gene1931	37	27	35
gene1932	26	23	35
gene1933	32	26	28
gene1934	19	32	39
gene1935	24	35	26
gene1936	25	18	26
gene1937	41	24	28
gene1938	35	31	28
gene1939	28	33	22
gene1940	29	29	25
gene1941	34	30	32
gene1942	28	32	25
gene1943	35	30	25
gene1944	29	36	28
gene1945	36	33	28
gene1946	19	39	40
gene1947	30	32	21
gene1948	23	24	37
gene1949	38	27	29
gene1950	33	22	24
gene1951	33	38	27
gene1952	30	30	29
gene1953	25	28	24
gene1954	27	36	25
gene1955	33	26	35
gene1956	33	33	33
gene1957	31	31	39
gene1958	32	19	33
gene1959	26	23	32
gene1960	27	31	28
gene1961	21	34	30
gene1962	26	37	27
gene1963	37	35	27
gene1964	29	38	23
gene1965	28	26	29
gene1966	40	37	28
gene1967	34	24	25
gene1968	31	22	35
gene1969	23	30	24
gene1970	21	32	25
gene1971	27	35	26
gene1972	39	24	28
gene1973	28	26	37
gene1974	32	22	26
gene1975	23	24	24
gene1976	23	26	35
gene1977	32	21	35
gene1978	39	33	26
gene1979	26	38	28
gene1980	31	27	28
gene1981	34	35	23
gene1982	33	37	39
gene1983	26	20	27
gene1984	38	18	27
gene1985	33	27	33
gene1986	34	27	31
gene1987	25	28	35
gene1988	23	34	32
gene1989	21	40	32
gene1990	23	24	28
gene1991	28	28	20
gene1992	32	23	28
gene1993	25	20	27
gene1994	37	37	28
gene1995	12	32	32
gene1996	35	38	27
gene1997	36	35	25
gene1998	26	29	34
gene1999	32	36	43
gene2000	34	27	20
