N_unmapped	6708	6481	6551
N_multimapping	15826	15648	15645
N_noFeature	13294	13247	13338
N_ambiguous	4354	4335	4327
gene1.1	36	39	27
gene2.1	24	24	28
gene3.1	27	29	32
gene4.1	32	29	31
gene5.1	30	35	25
gene6.1	26	36	29
gene7.1	27	32	27
gene8.1	29	21	30
gene9.1	35	27	25
gene10.1	26	32	28
gene11.1	25	44	42
gene12.1	30	34	24
gene13.1	29	29	30
gene14.1	31	40	28
gene15.1	32	33	31
gene16.1	29	28	37
gene17.1	30	27	24
gene18.1	28	32	39
gene19.1	37	31	33
gene20.1	29	37	38
gene21.1	27	31	31
gene22.1	23	39	33
gene23.1	31	34	37
gene24.1	26	37	23
gene25.1	19	28	28
gene26.1	27	38	25
gene27.1	28	38	27
gene28.1	31	28	28
gene29.1	23	32	30
gene30.1	21	32	23
gene31.1	30	35	50
gene32.1	24	34	27
gene33.1	27	32	25
gene34.1	30	28	42
gene35.1	27	29	28
gene36.1	28	28	33
gene37.1	39	25	30
gene38.1	32	19	29
gene39.1	23	26	32
gene40.1	28	22	25
gene41.1	32	34	29
gene42.1	29	34	26
gene43.1	28	34	42
gene44.1	30	28	27
gene45.1	27	30	27
gene46.1	24	33	24
gene47.1	32	28	18
gene48.1	27	38	24
gene49.1	24	25	43
gene50.1	28	25	33
gene51.1	31	32	30
gene52.1	24	21	26
gene53.1	29	29	30
gene54.1	29	34	29
gene55.1	32	39	30
gene56.1	28	27	22
gene57.1	30	30	36
gene58.1	31	30	28
gene59.1	27	34	32
gene60.1	27	23	13
gene61.1	27	25	36
gene62.1	28	36	32
gene63.1	25	37	33
gene64.1	29	33	29
gene65.1	24	33	34
gene66.1	30	34	35
gene67.1	30	40	27
gene68.1	29	25	21
gene69.1	37	32	29
gene70.1	24	23	24
gene71.1	36	34	19
gene72.1	30	32	31
gene73.1	24	26	32
gene74.1	28	35	28
gene75.1	39	35	27
gene76.1	31	32	27
gene77.1	32	35	23
gene78.1	27	45	24
gene79.1	36	36	24
gene80.1	32	34	40
gene81.1	37	29	28
gene82.1	41	29	30
gene83.1	41	40	35
gene84.1	29	21	27
gene85.1	26	28	41
gene86.1	37	32	20
gene87.1	26	40	27
gene88.1	29	34	34
gene89.1	33	20	29
gene90.1	28	30	33
gene91.1	29	42	25
gene92.1	21	23	34
gene93.1	25	33	28
gene94.1	23	32	35
gene95.1	29	27	32
gene96.1	40	31	27
gene97.1	34	25	27
gene98.1	43	34	27
gene99.1	23	22	31
gene100.1	28	29	45
gene101.1	25	39	44
gene102.1	28	26	21
gene103.1	29	31	33
gene104.1	23	37	24
gene105.1	32	27	33
gene106.1	35	33	40
gene107.1	21	28	26
gene108.1	30	22	35
gene109.1	27	31	29
gene110.1	28	25	25
gene111.1	36	34	24
gene112.1	23	30	35
gene113.1	30	35	31
gene114.1	35	38	23
gene115.1	26	35	22
gene116.1	31	25	23
gene117.1	37	40	33
gene118.1	32	22	33
gene119.1	28	35	39
gene120.1	30	26	27
gene121.1	30	31	22
gene122.1	36	29	34
gene123.1	24	30	34
gene124.1	29	25	35
gene125.1	21	22	33
gene126.1	32	23	27
gene127.1	26	25	29
gene128.1	32	29	23
gene129.1	30	29	21
gene130.1	27	31	24
gene131.1	22	30	20
gene132.1	27	24	34
gene133.1	34	23	36
gene134.1	20	29	24
gene135.1	29	32	26
gene136.1	37	42	35
gene137.1	37	28	31
gene138.1	24	26	43
gene139.1	35	25	36
gene140.1	24	27	34
gene141.1	34	37	26
gene142.1	28	23	27
gene143.1	27	43	33
gene144.1	27	27	35
gene145.1	22	37	33
gene146.1	35	31	32
gene147.1	19	29	36
gene148.1	30	30	37
gene149.1	28	40	27
gene150.1	33	37	32
gene151.1	32	29	28
gene152.1	27	47	29
gene153.1	24	25	36
gene154.1	21	26	25
gene155.1	34	19	46
gene156.1	35	21	33
gene157.1	43	34	32
gene158.1	25	27	34
gene159.1	32	24	38
gene160.1	36	29	28
gene161.1	26	23	25
gene162.1	31	36	37
gene163.1	36	37	39
gene164.1	23	25	31
gene165.1	29	29	23
gene166.1	30	27	32
gene167.1	27	37	28
gene168.1	27	31	27
gene169.1	27	31	27
gene170.1	27	31	27
gene171.1	24	36	28
gene172.1	24	34	37
gene173.1	31	28	33
gene174.1	29	27	29
gene175.1	39	27	39
gene176.1	35	27	25
gene177.1	21	23	29
gene178.1	29	22	21
gene179.1	47	41	38
gene180.1	25	21	33
gene181.1	25	28	33
gene182.1	28	31	32
gene183.1	26	26	36
gene184.1	28	21	33
gene185.1	24	32	26
gene186.1	30	29	25
gene187.1	34	31	28
gene188.1	23	23	26
gene189.1	25	24	27
gene190.1	30	34	20
gene191.1	25	27	32
gene192.1	25	26	32
gene193.1	29	30	24
gene194.1	36	38	27
gene195.1	31	21	30
gene196.1	29	37	26
gene197.1	22	35	32
gene198.1	28	27	26
gene199.1	27	29	35
gene200.1	22	26	28
gene201.1	28	13	38
gene202.1	30	27	28
gene203.1	34	34	36
gene204.1	23	32	32
gene205.1	32	29	34
gene206.1	38	29	25
gene207.1	26	38	36
gene208.1	30	30	33
gene209.1	32	36	26
gene210.1	32	23	29
gene211.1	30	21	18
gene212.1	33	23	33
gene213.1	30	32	28
gene214.1	28	33	39
gene215.1	44	36	28
gene216.1	28	35	27
gene217.1	40	34	39
gene218.1	30	30	40
gene219.1	50	28	34
gene220.1	37	23	29
gene221.1	27	33	37
gene222.1	31	26	32
gene223.1	31	34	29
gene224.1	38	38	22
gene225.1	22	21	41
gene226.1	27	24	34
gene227.1	23	21	26
gene228.1	38	32	30
gene229.1	30	30	23
gene230.1	30	27	29
gene231.1	32	38	29
gene232.1	29	26	30
gene233.1	39	20	33
gene234.1	28	28	37
gene235.1	35	33	24
gene236.1	25	24	39
gene237.1	37	33	29
gene238.1	25	25	33
gene239.1	29	31	32
gene240.1	31	31	20
gene241.1	40	29	26
gene242.1	24	28	31
gene243.1	26	29	22
gene244.1	32	29	29
gene245.1	20	39	26
gene246.1	22	30	29
gene247.1	41	31	22
gene248.1	29	25	25
gene249.1	19	30	34
gene250.1	31	35	26
gene251.1	35	31	25
gene252.1	21	38	35
gene253.1	21	34	25
gene254.1	28	21	21
gene255.1	40	34	28
gene256.1	29	29	29
gene257.1	26	31	31
gene258.1	29	41	37
gene259.1	23	39	28
gene260.1	27	26	33
gene261.1	32	24	31
gene262.1	42	29	40
gene263.1	27	30	27
gene264.1	34	31	25
gene265.1	28	32	32
gene266.1	36	35	28
gene267.1	27	26	37
gene268.1	38	34	31
gene269.1	31	26	43
gene270.1	31	27	34
gene271.1	33	33	29
gene272.1	22	26	30
gene273.1	25	30	31
gene274.1	29	27	24
gene275.1	23	31	35
gene276.1	30	38	28
gene277.1	39	26	25
gene278.1	31	25	18
gene279.1	23	28	38
gene280.1	17	25	34
gene281.1	41	26	32
gene282.1	26	31	36
gene283.1	27	32	29
gene284.1	25	24	22
gene285.1	31	29	26
gene286.1	34	23	34
gene287.1	29	32	47
gene288.1	41	41	27
gene289.1	32	26	22
gene290.1	38	25	27
gene291.1	31	30	29
gene292.1	34	26	25
gene293.1	24	30	21
gene294.1	29	32	28
gene295.1	32	33	29
gene296.1	36	35	33
gene297.1	28	24	35
gene298.1	38	40	30
gene299.1	33	24	35
gene300.1	22	24	32
gene301.1	27	28	36
gene302.1	34	31	26
gene303.1	30	37	27
gene304.1	34	29	29
gene305.1	42	20	27
gene306.1	29	28	22
gene307.1	28	32	34
gene308.1	25	36	34
gene309.1	26	29	39
gene310.1	35	16	23
gene311.1	31	32	30
gene312.1	29	42	26
gene313.1	29	36	25
gene314.1	34	25	19
gene315.1	25	32	31
gene316.1	22	37	38
gene317.1	26	33	35
gene318.1	41	36	25
gene319.1	38	36	37
gene320.1	25	28	29
gene321.1	37	28	25
gene322.1	29	26	37
gene323.1	30	32	28
gene324.1	26	30	29
gene325.1	26	34	25
gene326.1	47	33	28
gene327.1	36	29	27
gene328.1	25	23	34
gene329.1	30	34	28
gene330.1	25	44	24
gene331.1	29	38	37
gene332.1	27	25	35
gene333.1	34	27	27
gene334.1	23	40	32
gene335.1	34	20	25
gene336.1	32	36	34
gene337.1	30	35	18
gene338.1	27	28	25
gene339.1	34	34	34
gene340.1	24	32	24
gene341.1	30	22	32
gene342.1	35	18	34
gene343.1	27	31	28
gene344.1	29	34	35
gene345.1	39	28	32
gene346.1	18	31	29
gene347.1	20	31	31
gene348.1	23	31	27
gene349.1	30	32	27
gene350.1	36	36	25
gene351.1	27	38	34
gene352.1	37	27	33
gene353.1	27	28	31
gene354.1	32	29	34
gene355.1	30	27	36
gene356.1	38	34	40
gene357.1	25	31	23
gene358.1	28	31	39
gene359.1	33	28	38
gene360.1	31	33	29
gene361.1	25	34	34
gene362.1	32	24	38
gene363.1	37	29	27
gene364.1	29	23	32
gene365.1	27	36	34
gene366.1	23	24	42
gene367.1	36	34	43
gene368.1	22	26	36
gene369.1	31	33	45
gene370.1	20	25	34
gene371.1	16	26	27
gene372.1	26	32	26
gene373.1	38	33	23
gene374.1	37	35	24
gene375.1	39	30	28
gene376.1	32	29	35
gene377.1	28	36	26
gene378.1	22	33	23
gene379.1	37	33	32
gene380.1	31	38	35
gene381.1	34	31	27
gene382.1	21	24	26
gene383.1	35	26	25
gene384.1	21	33	28
gene385.1	21	32	33
gene386.1	21	27	21
gene387.1	22	36	31
gene388.1	33	30	21
gene389.1	23	38	31
gene390.1	32	36	33
gene391.1	35	30	31
gene392.1	29	21	17
gene393.1	32	24	27
gene394.1	37	32	41
gene395.1	40	26	33
gene396.1	32	28	31
gene397.1	24	30	19
gene398.1	24	34	26
gene399.1	24	34	31
gene400.1	38	30	26
gene401.1	33	29	24
gene402.1	32	33	33
gene403.1	24	44	27
gene404.1	26	26	27
gene405.1	29	28	32
gene406.1	29	32	32
gene407.1	29	27	41
gene408.1	31	39	20
gene409.1	35	28	35
gene410.1	21	31	33
gene411.1	25	26	31
gene412.1	28	24	28
gene413.1	31	24	39
gene414.1	37	27	24
gene415.1	34	32	36
gene416.1	29	30	35
gene417.1	32	17	26
gene418.1	25	23	30
gene419.1	38	39	36
gene420.1	22	34	32
gene421.1	30	26	46
gene422.1	30	23	25
gene423.1	28	26	35
gene424.1	25	39	33
gene425.1	31	24	29
gene426.1	30	26	23
gene427.1	25	25	28
gene428.1	24	36	33
gene429.1	34	30	39
gene430.1	39	22	30
gene431.1	43	24	38
gene432.1	39	35	38
gene433.1	34	32	35
gene434.1	24	39	31
gene435.1	36	29	44
gene436.1	25	42	32
gene437.1	29	29	28
gene438.1	28	37	38
gene439.1	32	29	23
gene440.1	31	27	27
gene441.1	31	31	29
gene442.1	31	26	33
gene443.1	29	25	34
gene444.1	21	40	32
gene445.1	36	28	32
gene446.1	28	33	17
gene447.1	38	27	35
gene448.1	34	37	30
gene449.1	31	31	33
gene450.1	35	34	28
gene451.1	29	24	29
gene452.1	39	22	26
gene453.1	24	26	41
gene454.1	32	23	29
gene455.1	30	30	37
gene456.1	26	31	30
gene457.1	37	36	36
gene458.1	30	45	27
gene459.1	33	33	26
gene460.1	31	26	35
gene461.1	21	27	32
gene462.1	33	26	32
gene463.1	28	37	33
gene464.1	35	24	26
gene465.1	36	32	27
gene466.1	33	40	31
gene467.1	31	29	27
gene468.1	20	32	37
gene469.1	31	22	38
gene470.1	36	38	33
gene471.1	38	32	32
gene472.1	37	27	39
gene473.1	31	24	49
gene474.1	37	31	33
gene475.1	19	34	42
gene476.1	24	28	29
gene477.1	25	45	27
gene478.1	27	31	36
gene479.1	31	28	39
gene480.1	30	36	31
gene481.1	29	30	25
gene482.1	24	39	29
gene483.1	36	28	24
gene484.1	22	33	32
gene485.1	34	35	30
gene486.1	39	38	27
gene487.1	31	32	25
gene488.1	27	35	38
gene489.1	36	25	25
gene490.1	33	31	26
gene491.1	33	43	31
gene492.1	34	30	39
gene493.1	25	33	31
gene494.1	29	31	19
gene495.1	24	34	39
gene496.1	30	33	37
gene497.1	30	33	27
gene498.1	18	30	30
gene499.1	35	30	28
gene500.1	32	31	29
gene501.1	29	30	33
gene502.1	37	20	23
gene503.1	26	31	26
gene504.1	29	39	30
gene505.1	27	29	27
gene506.1	31	32	25
gene507.1	28	26	40
gene508.1	25	29	33
gene509.1	21	31	30
gene510.1	36	36	25
gene511.1	27	24	23
gene512.1	33	28	37
gene513.1	31	37	34
gene514.1	25	21	25
gene515.1	33	26	36
gene516.1	31	24	26
gene517.1	39	31	33
gene518.1	27	29	35
gene519.1	38	27	33
gene520.1	36	27	37
gene521.1	27	23	36
gene522.1	25	25	26
gene523.1	29	35	23
gene524.1	30	33	19
gene525.1	32	32	32
gene526.1	33	32	22
gene527.1	20	24	36
gene528.1	33	25	30
gene529.1	31	31	27
gene530.1	26	35	47
gene531.1	32	26	30
gene532.1	39	31	22
gene533.1	33	30	32
gene534.1	37	29	25
gene535.1	35	26	23
gene536.1	40	28	26
gene537.1	23	25	25
gene538.1	23	30	31
gene539.1	31	26	21
gene540.1	29	31	26
gene541.1	23	32	23
gene542.1	28	33	38
gene543.1	27	32	35
gene544.1	24	23	22
gene545.1	28	27	43
gene546.1	21	26	29
gene547.1	32	32	36
gene548.1	28	35	25
gene549.1	32	38	35
gene550.1	25	26	37
gene551.1	35	22	32
gene552.1	24	31	29
gene553.1	35	37	23
gene554.1	30	39	31
gene555.1	31	33	21
gene556.1	25	28	33
gene557.1	29	17	31
gene558.1	22	22	36
gene559.1	34	42	32
gene560.1	29	33	29
gene561.1	28	36	29
gene562.1	28	24	40
gene563.1	39	22	21
gene564.1	36	29	22
gene565.1	39	30	37
gene566.1	26	29	34
gene567.1	29	30	36
gene568.1	27	18	31
gene569.1	43	37	34
gene570.1	34	30	30
gene571.1	24	34	25
gene572.1	23	27	28
gene573.1	30	23	39
gene574.1	36	29	39
gene575.1	39	31	21
gene576.1	33	30	29
gene577.1	27	31	30
gene578.1	29	28	32
gene579.1	36	23	29
gene580.1	36	26	33
gene581.1	24	32	36
gene582.1	35	36	30
gene583.1	22	35	27
gene584.1	30	28	38
gene585.1	36	25	26
gene586.1	32	31	39
gene587.1	20	27	29
gene588.1	29	25	32
gene589.1	30	41	38
gene590.1	24	36	36
gene591.1	25	28	26
gene592.1	24	27	28
gene593.1	29	38	37
gene594.1	34	35	30
gene595.1	32	31	29
gene596.1	36	29	26
gene597.1	30	25	28
gene598.1	35	25	28
gene599.1	17	31	31
gene600.1	24	39	20
gene601.1	22	40	31
gene602.1	29	26	25
gene603.1	28	35	33
gene604.1	27	23	44
gene605.1	26	30	40
gene606.1	31	26	30
gene607.1	28	28	29
gene608.1	24	25	35
gene609.1	33	38	35
gene610.1	35	29	20
gene611.1	26	31	34
gene612.1	37	27	30
gene613.1	34	29	31
gene614.1	32	32	45
gene615.1	36	32	21
gene616.1	24	34	22
gene617.1	32	24	40
gene618.1	34	32	31
gene619.1	31	41	34
gene620.1	28	33	27
gene621.1	28	22	27
gene622.1	38	21	31
gene623.1	49	20	29
gene624.1	29	28	27
gene625.1	25	39	36
gene626.1	21	27	31
gene627.1	30	32	19
gene628.1	32	29	24
gene629.1	31	36	25
gene630.1	33	28	25
gene631.1	35	30	28
gene632.1	32	16	25
gene633.1	38	37	29
gene634.1	24	32	23
gene635.1	30	42	24
gene636.1	17	33	26
gene637.1	32	29	32
gene638.1	26	25	28
gene639.1	20	18	28
gene640.1	26	30	29
gene641.1	50	32	17
gene642.1	33	28	34
gene643.1	33	23	32
gene644.1	26	34	24
gene645.1	33	27	38
gene646.1	20	29	18
gene647.1	43	22	33
gene648.1	27	32	29
gene649.1	31	27	30
gene650.1	32	36	35
gene651.1	22	29	35
gene652.1	31	29	21
gene653.1	29	43	25
gene654.1	37	26	31
gene655.1	31	33	38
gene656.1	34	36	43
gene657.1	23	36	27
gene658.1	35	20	30
gene659.1	25	34	33
gene660.1	29	34	30
gene661.1	24	34	28
gene662.1	31	23	26
gene663.1	31	32	31
gene664.1	37	35	29
gene665.1	29	26	27
gene666.1	32	25	30
gene667.1	41	26	37
gene668.1	37	31	40
gene669.1	30	29	31
gene670.1	33	23	26
gene671.1	28	34	33
gene672.1	21	26	25
gene673.1	36	30	27
gene674.1	30	47	22
gene675.1	28	34	30
gene676.1	23	23	28
gene677.1	35	44	35
gene678.1	33	22	32
gene679.1	30	37	28
gene680.1	22	38	21
gene681.1	37	29	27
gene682.1	25	40	39
gene683.1	25	26	37
gene684.1	31	35	29
gene685.1	31	34	24
gene686.1	33	40	30
gene687.1	25	26	22
gene688.1	26	28	30
gene689.1	34	19	34
gene690.1	26	26	36
gene691.1	25	30	32
gene692.1	26	36	33
gene693.1	34	30	26
gene694.1	29	38	25
gene695.1	38	31	29
gene696.1	32	32	31
gene697.1	27	30	33
gene698.1	30	36	42
gene699.1	35	28	29
gene700.1	29	37	38
gene701.1	38	33	26
gene702.1	27	32	34
gene703.1	36	38	34
gene704.1	33	26	33
gene705.1	37	35	24
gene706.1	34	25	24
gene707.1	33	25	37
gene708.1	36	31	27
gene709.1	27	33	29
gene710.1	24	25	35
gene711.1	20	27	31
gene712.1	30	35	34
gene713.1	37	30	35
gene714.1	28	22	24
gene715.1	32	27	33
gene716.1	26	28	29
gene717.1	32	30	35
gene718.1	26	37	38
gene719.1	25	25	27
gene720.1	29	26	34
gene721.1	26	32	33
gene722.1	36	34	35
gene723.1	24	37	27
gene724.1	30	29	24
gene725.1	35	25	33
gene726.1	39	25	28
gene727.1	25	28	24
gene728.1	23	25	30
gene729.1	31	21	32
gene730.1	21	29	24
gene731.1	26	25	39
gene732.1	38	38	34
gene733.1	25	22	29
gene734.1	35	25	31
gene735.1	28	39	32
gene736.1	25	24	34
gene737.1	33	26	47
gene738.1	32	35	29
gene739.1	27	29	35
gene740.1	28	31	29
gene741.1	25	24	34
gene742.1	22	27	34
gene743.1	23	41	37
gene744.1	31	42	21
gene745.1	33	31	24
gene746.1	41	24	33
gene747.1	33	38	31
gene748.1	32	19	30
gene749.1	26	20	39
gene750.1	27	31	28
gene751.1	23	35	21
gene752.1	27	28	28
gene753.1	20	34	36
gene754.1	29	40	28
gene755.1	32	15	31
gene756.1	33	27	33
gene757.1	21	40	21
gene758.1	29	36	30
gene759.1	35	26	26
gene760.1	18	30	29
gene761.1	39	24	22
gene762.1	15	24	22
gene763.1	28	31	34
gene764.1	31	28	25
gene765.1	33	41	32
gene766.1	25	28	25
gene767.1	31	27	41
gene768.1	24	23	32
gene769.1	30	30	28
gene770.1	29	23	27
gene771.1	29	33	27
gene772.1	33	34	37
gene773.1	21	29	24
gene774.1	44	29	34
gene775.1	28	33	36
gene776.1	26	41	34
gene777.1	31	31	37
gene778.1	40	34	19
gene779.1	27	41	37
gene780.1	32	42	31
gene781.1	30	35	40
gene782.1	35	35	27
gene783.1	41	26	36
gene784.1	32	28	29
gene785.1	41	28	36
gene786.1	29	33	35
gene787.1	28	22	32
gene788.1	29	45	21
gene789.1	32	25	28
gene790.1	35	25	25
gene791.1	28	25	35
gene792.1	21	28	25
gene793.1	31	30	33
gene794.1	38	28	25
gene795.1	18	33	26
gene796.1	30	33	25
gene797.1	28	26	26
gene798.1	27	26	24
gene799.1	18	29	29
gene800.1	34	32	39
gene801.1	31	39	40
gene802.1	31	31	27
gene803.1	22	31	32
gene804.1	31	30	35
gene805.1	29	32	23
gene806.1	18	44	27
gene807.1	30	41	37
gene808.1	31	42	31
gene809.1	33	30	23
gene810.1	36	24	29
gene811.1	43	30	24
gene812.1	24	28	25
gene813.1	31	22	31
gene814.1	35	27	31
gene815.1	28	32	29
gene816.1	31	26	34
gene817.1	31	28	20
gene818.1	29	41	29
gene819.1	30	32	30
gene820.1	27	27	26
gene821.1	41	36	34
gene822.1	44	29	31
gene823.1	31	33	29
gene824.1	28	33	26
gene825.1	28	35	30
gene826.1	28	29	19
gene827.1	39	26	31
gene828.1	25	26	29
gene829.1	33	36	34
gene830.1	30	24	32
gene831.1	26	38	31
gene832.1	36	31	30
gene833.1	33	32	36
gene834.1	31	31	32
gene835.1	26	33	33
gene836.1	23	28	23
gene837.1	30	34	34
gene838.1	19	22	21
gene839.1	33	26	32
gene840.1	28	25	28
gene841.1	21	28	32
gene842.1	33	21	26
gene843.1	27	31	32
gene844.1	36	25	42
gene845.1	26	30	15
gene846.1	29	33	29
gene847.1	28	36	32
gene848.1	32	33	39
gene849.1	22	31	30
gene850.1	35	17	42
gene851.1	26	40	39
gene852.1	32	28	31
gene853.1	28	32	38
gene854.1	33	30	21
gene855.1	25	26	28
gene856.1	28	24	23
gene857.1	28	32	41
gene858.1	24	22	27
gene859.1	18	19	29
gene860.1	35	35	34
gene861.1	26	24	32
gene862.1	34	21	24
gene863.1	32	26	32
gene864.1	33	34	31
gene865.1	28	27	27
gene866.1	27	29	25
gene867.1	38	28	22
gene868.1	27	24	27
gene869.1	33	27	35
gene870.1	28	33	33
gene871.1	37	33	42
gene872.1	32	39	32
gene873.1	39	26	40
gene874.1	39	33	24
gene875.1	30	26	22
gene876.1	29	25	33
gene877.1	29	36	24
gene878.1	19	28	29
gene879.1	27	25	19
gene880.1	32	24	24
gene881.1	32	41	42
gene882.1	33	33	27
gene883.1	29	38	40
gene884.1	21	31	29
gene885.1	33	41	23
gene886.1	30	24	29
gene887.1	24	37	35
gene888.1	33	26	32
gene889.1	34	21	31
gene890.1	31	31	26
gene891.1	33	31	24
gene892.1	19	25	30
gene893.1	34	32	27
gene894.1	36	20	33
gene895.1	32	22	26
gene896.1	30	28	34
gene897.1	26	37	33
gene898.1	22	31	26
gene899.1	35	30	31
gene900.1	30	22	29
gene901.1	26	28	29
gene902.1	29	22	22
gene903.1	22	28	21
gene904.1	21	33	29
gene905.1	30	29	37
gene906.1	41	29	34
gene907.1	34	19	21
gene908.1	29	41	27
gene909.1	43	35	31
gene910.1	36	31	34
gene911.1	26	29	34
gene912.1	25	31	32
gene913.1	32	27	20
gene914.1	23	24	34
gene915.1	21	32	35
gene916.1	27	29	34
gene917.1	27	21	36
gene918.1	30	34	26
gene919.1	26	25	31
gene920.1	29	30	31
gene921.1	32	30	35
gene922.1	20	34	28
gene923.1	29	38	26
gene924.1	29	39	30
gene925.1	36	23	28
gene926.1	41	26	29
gene927.1	27	25	33
gene928.1	41	27	39
gene929.1	20	30	29
gene930.1	26	31	24
gene931.1	27	26	31
gene932.1	37	34	37
gene933.1	23	28	27
gene934.1	38	25	43
gene935.1	36	34	28
gene936.1	26	34	32
gene937.1	25	29	29
gene938.1	31	39	20
gene939.1	30	38	31
gene940.1	24	33	32
gene941.1	34	25	21
gene942.1	19	26	31
gene943.1	34	17	39
gene944.1	38	34	34
gene945.1	42	26	33
gene946.1	28	36	27
gene947.1	27	36	34
gene948.1	28	17	35
gene949.1	28	23	26
gene950.1	24	27	33
gene951.1	36	24	27
gene952.1	27	34	24
gene953.1	32	41	32
gene954.1	37	39	42
gene955.1	36	30	24
gene956.1	25	41	26
gene957.1	40	29	34
gene958.1	30	27	32
gene959.1	31	24	30
gene960.1	35	29	30
gene961.1	33	31	31
gene962.1	33	28	22
gene963.1	28	27	38
gene964.1	30	23	31
gene965.1	35	29	37
gene966.1	35	29	29
gene967.1	29	25	32
gene968.1	23	27	28
gene969.1	33	33	27
gene970.1	32	40	42
gene971.1	26	31	24
gene972.1	25	34	39
gene973.1	28	35	24
gene974.1	24	25	30
gene975.1	30	31	36
gene976.1	33	37	30
gene977.1	21	20	31
gene978.1	35	34	36
gene979.1	24	39	27
gene980.1	32	30	40
gene981.1	32	24	29
gene982.1	29	32	35
gene983.1	36	27	25
gene984.1	37	29	20
gene985.1	25	34	29
gene986.1	29	16	29
gene987.1	25	34	29
gene988.1	32	22	24
gene989.1	26	38	30
gene990.1	33	39	37
gene991.1	37	28	32
gene992.1	27	37	37
gene993.1	31	30	32
gene994.1	37	32	34
gene995.1	22	31	42
gene996.1	27	27	29
gene997.1	38	30	35
gene998.1	32	42	35
gene999.1	33	29	30
gene1000.1	34	23	28
gene1001.1	40	31	30
gene1002.1	31	31	27
gene1003.1	27	35	27
gene1004.1	22	29	30
gene1005.1	26	35	30
gene1006.1	34	33	20
gene1007.1	29	28	30
gene1008.1	16	31	33
gene1009.1	20	32	23
gene1010.1	30	22	31
gene1011.1	29	29	35
gene1012.1	31	32	29
gene1013.1	30	19	29
gene1014.1	22	32	41
gene1015.1	28	25	35
gene1016.1	30	41	28
gene1017.1	27	29	22
gene1018.1	29	33	33
gene1019.1	30	26	29
gene1020.1	30	43	20
gene1021.1	35	31	31
gene1022.1	25	29	25
gene1023.1	33	30	25
gene1024.1	24	35	37
gene1025.1	25	31	40
gene1026.1	32	36	30
gene1027.1	26	29	28
gene1028.1	30	33	31
gene1029.1	29	31	29
gene1030.1	29	28	29
gene1031.1	17	33	20
gene1032.1	40	25	30
gene1033.1	31	39	26
gene1034.1	31	23	28
gene1035.1	31	40	33
gene1036.1	31	18	24
gene1037.1	27	29	22
gene1038.1	26	26	36
gene1039.1	28	26	26
gene1040.1	38	32	28
gene1041.1	35	33	35
gene1042.1	32	16	43
gene1043.1	28	31	26
gene1044.1	21	19	30
gene1045.1	31	29	31
gene1046.1	22	31	28
gene1047.1	26	38	23
gene1048.1	36	32	24
gene1049.1	41	37	22
gene1050.1	33	24	34
gene1051.1	27	24	34
gene1052.1	47	27	28
gene1053.1	30	24	39
gene1054.1	22	31	30
gene1055.1	33	26	40
gene1056.1	28	26	36
gene1057.1	22	27	24
gene1058.1	23	33	36
gene1059.1	34	21	34
gene1060.1	27	29	38
gene1061.1	27	29	21
gene1062.1	24	41	26
gene1063.1	31	36	36
gene1064.1	31	31	23
gene1065.1	30	32	31
gene1066.1	32	36	27
gene1067.1	29	32	35
gene1068.1	33	29	38
gene1069.1	28	40	37
gene1070.1	28	28	30
gene1071.1	40	29	34
gene1072.1	23	44	32
gene1073.1	26	36	31
gene1074.1	24	30	30
gene1075.1	19	35	29
gene1076.1	30	37	27
gene1077.1	24	33	32
gene1078.1	36	29	26
gene1079.1	35	39	25
gene1080.1	32	29	33
gene1081.1	37	30	29
gene1082.1	35	27	28
gene1083.1	41	31	33
gene1084.1	29	28	35
gene1085.1	21	34	44
gene1086.1	36	29	31
gene1087.1	39	35	28
gene1088.1	43	31	26
gene1089.1	35	24	37
gene1090.1	28	33	25
gene1091.1	28	30	27
gene1092.1	32	39	22
gene1093.1	28	26	24
gene1094.1	39	26	28
gene1095.1	26	26	24
gene1096.1	26	21	27
gene1097.1	32	23	31
gene1098.1	27	31	24
gene1099.1	44	23	34
gene1100.1	25	39	33
gene1101.1	28	33	26
gene1102.1	32	27	20
gene1103.1	37	27	37
gene1104.1	26	30	29
gene1105.1	26	27	30
gene1106.1	28	24	31
gene1107.1	18	33	25
gene1108.1	30	27	32
gene1109.1	29	27	30
gene1110.1	31	17	28
gene1111.1	31	40	35
gene1112.1	38	37	32
gene1113.1	37	37	25
gene1114.1	28	25	25
gene1115.1	35	24	24
gene1116.1	31	30	37
gene1117.1	26	40	40
gene1118.1	39	29	32
gene1119.1	29	34	31
gene1120.1	28	35	24
gene1121.1	26	29	48
gene1122.1	26	34	31
gene1123.1	25	34	45
gene1124.1	31	40	32
gene1125.1	25	29	34
gene1126.1	35	41	32
gene1127.1	23	32	30
gene1128.1	22	28	34
gene1129.1	24	29	37
gene1130.1	24	29	32
gene1131.1	30	30	21
gene1132.1	35	32	31
gene1133.1	26	38	32
gene1134.1	31	31	25
gene1135.1	37	27	27
gene1136.1	36	28	29
gene1137.1	19	17	34
gene1138.1	30	33	21
gene1139.1	33	32	35
gene1140.1	30	29	20
gene1141.1	40	31	35
gene1142.1	42	27	22
gene1143.1	27	25	24
gene1144.1	29	34	36
gene1145.1	32	30	34
gene1146.1	33	24	30
gene1147.1	19	29	42
gene1148.1	34	41	32
gene1149.1	42	25	26
gene1150.1	35	22	25
gene1151.1	29	30	28
gene1152.1	34	27	23
gene1153.1	23	43	37
gene1154.1	23	25	27
gene1155.1	33	32	34
gene1156.1	24	27	24
gene1157.1	31	33	37
gene1158.1	29	36	26
gene1159.1	40	29	29
gene1160.1	25	19	31
gene1161.1	32	31	23
gene1162.1	30	29	37
gene1163.1	34	33	26
gene1164.1	28	32	35
gene1165.1	30	31	36
gene1166.1	34	36	32
gene1167.1	42	36	36
gene1168.1	24	31	34
gene1169.1	27	29	31
gene1170.1	31	28	31
gene1171.1	27	37	26
gene1172.1	26	33	34
gene1173.1	28	42	37
gene1174.1	23	39	28
gene1175.1	35	34	29
gene1176.1	38	37	31
gene1177.1	36	27	27
gene1178.1	29	26	31
gene1179.1	28	27	35
gene1180.1	24	22	22
gene1181.1	32	24	31
gene1182.1	30	35	38
gene1183.1	41	23	25
gene1184.1	42	29	19
gene1185.1	41	24	31
gene1186.1	32	32	20
gene1187.1	45	34	30
gene1188.1	32	37	40
gene1189.1	30	22	28
gene1190.1	25	27	30
gene1191.1	39	26	34
gene1192.1	27	31	25
gene1193.1	28	42	22
gene1194.1	27	31	32
gene1195.1	26	33	32
gene1196.1	27	38	19
gene1197.1	34	30	35
gene1198.1	27	26	32
gene1199.1	30	21	35
gene1200.1	38	29	32
gene1201.1	26	26	25
gene1202.1	30	26	36
gene1203.1	30	25	30
gene1204.1	30	27	27
gene1205.1	24	21	30
gene1206.1	36	32	37
gene1207.1	30	32	16
gene1208.1	20	29	22
gene1209.1	31	41	40
gene1210.1	29	23	30
gene1211.1	38	34	24
gene1212.1	28	27	29
gene1213.1	35	33	20
gene1214.1	25	32	34
gene1215.1	31	24	22
gene1216.1	31	24	32
gene1217.1	40	33	39
gene1218.1	28	29	28
gene1219.1	27	29	28
gene1220.1	29	26	33
gene1221.1	29	26	36
gene1222.1	23	28	33
gene1223.1	25	42	39
gene1224.1	27	29	30
gene1225.1	32	24	35
gene1226.1	27	26	24
gene1227.1	24	30	36
gene1228.1	31	24	28
gene1229.1	32	32	26
gene1230.1	25	30	33
gene1231.1	28	30	35
gene1232.1	33	31	32
gene1233.1	31	32	38
gene1234.1	31	38	36
gene1235.1	18	27	33
gene1236.1	27	30	32
gene1237.1	37	39	21
gene1238.1	21	32	29
gene1239.1	26	31	37
gene1240.1	21	23	29
gene1241.1	27	30	19
gene1242.1	29	24	29
gene1243.1	25	32	33
gene1244.1	33	40	28
gene1245.1	32	23	24
gene1246.1	28	37	27
gene1247.1	30	36	35
gene1248.1	36	29	24
gene1249.1	25	31	30
gene1250.1	27	41	30
gene1251.1	29	38	28
gene1252.1	34	28	31
gene1253.1	28	32	30
gene1254.1	15	27	30
gene1255.1	36	28	31
gene1256.1	38	25	32
gene1257.1	36	27	31
gene1258.1	37	24	30
gene1259.1	35	34	26
gene1260.1	32	21	31
gene1261.1	32	31	33
gene1262.1	31	42	24
gene1263.1	28	44	38
gene1264.1	24	29	43
gene1265.1	19	36	24
gene1266.1	23	35	22
gene1267.1	28	30	33
gene1268.1	26	33	31
gene1269.1	30	20	43
gene1270.1	32	37	28
gene1271.1	34	26	46
gene1272.1	28	30	18
gene1273.1	28	24	28
gene1274.1	36	32	28
gene1275.1	25	29	32
gene1276.1	30	28	25
gene1277.1	29	26	44
gene1278.1	26	20	26
gene1279.1	30	40	23
gene1280.1	31	33	31
gene1281.1	29	18	29
gene1282.1	34	26	28
gene1283.1	38	34	20
gene1284.1	27	34	31
gene1285.1	24	29	34
gene1286.1	26	24	31
gene1287.1	25	41	29
gene1288.1	33	23	25
gene1289.1	32	37	27
gene1290.1	42	25	36
gene1291.1	31	24	35
gene1292.1	37	28	20
gene1293.1	21	28	28
gene1294.1	21	34	30
gene1295.1	21	27	28
gene1296.1	35	22	31
gene1297.1	29	20	31
gene1298.1	35	27	21
gene1299.1	18	31	23
gene1300.1	32	44	28
gene1301.1	30	28	18
gene1302.1	34	21	26
gene1303.1	37	34	25
gene1304.1	32	28	37
gene1305.1	36	35	19
gene1306.1	24	31	23
gene1307.1	26	33	27
gene1308.1	31	30	34
gene1309.1	39	28	30
gene1310.1	37	34	29
gene1311.1	19	43	37
gene1312.1	24	26	37
gene1313.1	33	20	33
gene1314.1	29	26	46
gene1315.1	28	43	33
gene1316.1	21	25	27
gene1317.1	26	30	38
gene1318.1	28	28	35
gene1319.1	36	26	28
gene1320.1	24	25	31
gene1321.1	33	23	44
gene1322.1	27	28	32
gene1323.1	28	32	27
gene1324.1	38	24	34
gene1325.1	26	28	43
gene1326.1	29	33	28
gene1327.1	32	25	22
gene1328.1	25	21	23
gene1329.1	30	34	23
gene1330.1	32	24	39
gene1331.1	19	31	26
gene1332.1	28	29	24
gene1333.1	28	29	24
gene1334.1	36	30	25
gene1335.1	25	25	35
gene1336.1	29	26	35
gene1337.1	34	32	26
gene1338.1	29	21	34
gene1339.1	32	27	29
gene1340.1	41	25	25
gene1341.1	35	29	25
gene1342.1	24	47	36
gene1343.1	33	28	26
gene1344.1	34	31	39
gene1345.1	32	28	35
gene1346.1	33	30	35
gene1347.1	34	28	28
gene1348.1	31	23	31
gene1349.1	30	31	25
gene1350.1	27	33	29
gene1351.1	30	29	31
gene1352.1	22	38	36
gene1353.1	29	32	29
gene1354.1	27	23	38
gene1355.1	25	27	36
gene1356.1	20	25	25
gene1357.1	29	26	20
gene1358.1	37	38	31
gene1359.1	29	40	32
gene1360.1	36	20	30
gene1361.1	38	24	33
gene1362.1	30	33	17
gene1363.1	25	30	34
gene1364.1	33	36	33
gene1365.1	35	28	28
gene1366.1	20	24	24
gene1367.1	24	37	26
gene1368.1	43	26	33
gene1369.1	26	24	30
gene1370.1	22	33	28
gene1371.1	36	25	27
gene1372.1	32	25	25
gene1373.1	30	31	33
gene1374.1	27	32	32
gene1375.1	34	28	24
gene1376.1	33	35	28
gene1377.1	32	25	25
gene1378.1	27	26	37
gene1379.1	32	30	26
gene1380.1	36	26	31
gene1381.1	33	39	20
gene1382.1	27	30	29
gene1383.1	25	28	34
gene1384.1	34	31	30
gene1385.1	24	30	29
gene1386.1	29	34	33
gene1387.1	27	36	31
gene1388.1	30	24	37
gene1389.1	32	28	37
gene1390.1	33	26	36
gene1391.1	26	22	25
gene1392.1	29	32	33
gene1393.1	30	33	34
gene1394.1	28	30	28
gene1395.1	27	31	30
gene1396.1	36	29	26
gene1397.1	33	30	37
gene1398.1	32	25	38
gene1399.1	39	25	25
gene1400.1	28	26	38
gene1401.1	31	42	23
gene1402.1	35	35	35
gene1403.1	28	28	34
gene1404.1	32	29	27
gene1405.1	38	38	32
gene1406.1	34	35	32
gene1407.1	35	29	26
gene1408.1	27	27	21
gene1409.1	37	28	29
gene1410.1	31	30	32
gene1411.1	36	39	35
gene1412.1	33	23	22
gene1413.1	36	35	27
gene1414.1	30	37	30
gene1415.1	32	28	25
gene1416.1	33	26	36
gene1417.1	29	30	39
gene1418.1	23	23	25
gene1419.1	30	35	27
gene1420.1	33	33	35
gene1421.1	24	21	30
gene1422.1	26	35	26
gene1423.1	33	35	30
gene1424.1	37	39	28
gene1425.1	22	39	25
gene1426.1	40	33	30
gene1427.1	30	26	34
gene1428.1	32	32	27
gene1429.1	31	38	23
gene1430.1	30	27	33
gene1431.1	37	24	26
gene1432.1	28	30	35
gene1433.1	20	29	25
gene1434.1	48	27	25
gene1435.1	36	31	27
gene1436.1	42	24	29
gene1437.1	33	29	22
gene1438.1	23	30	30
gene1439.1	28	25	29
gene1440.1	30	35	25
gene1441.1	30	28	34
gene1442.1	30	37	23
gene1443.1	22	40	31
gene1444.1	33	36	29
gene1445.1	20	25	30
gene1446.1	27	26	31
gene1447.1	23	34	31
gene1448.1	33	27	27
gene1449.1	30	38	31
gene1450.1	24	30	22
gene1451.1	32	29	28
gene1452.1	40	27	24
gene1453.1	31	27	31
gene1454.1	35	36	18
gene1455.1	26	37	21
gene1456.1	34	38	29
gene1457.1	26	23	32
gene1458.1	25	40	41
gene1459.1	23	35	40
gene1460.1	28	37	22
gene1461.1	30	31	22
gene1462.1	38	24	27
gene1463.1	24	30	27
gene1464.1	29	29	22
gene1465.1	34	22	31
gene1466.1	31	45	32
gene1467.1	34	25	31
gene1468.1	39	37	26
gene1469.1	29	32	31
gene1470.1	34	25	27
gene1471.1	31	37	30
gene1472.1	32	33	30
gene1473.1	35	28	35
gene1474.1	25	29	30
gene1475.1	38	37	26
gene1476.1	36	32	23
gene1477.1	30	27	23
gene1478.1	32	30	38
gene1479.1	27	28	33
gene1480.1	31	38	35
gene1481.1	35	30	27
gene1482.1	30	28	29
gene1483.1	33	30	33
gene1484.1	33	30	39
gene1485.1	34	27	23
gene1486.1	34	35	23
gene1487.1	38	36	24
gene1488.1	30	27	28
gene1489.1	26	29	23
gene1490.1	19	40	41
gene1491.1	27	28	33
gene1492.1	36	23	20
gene1493.1	26	34	25
gene1494.1	25	36	23
gene1495.1	30	41	21
gene1496.1	30	29	28
gene1497.1	17	24	32
gene1498.1	29	30	30
gene1499.1	37	37	30
gene1500.1	33	31	24
gene1501.1	36	28	26
gene1502.1	37	31	28
gene1503.1	30	35	27
gene1504.1	38	24	22
gene1505.1	19	26	30
gene1506.1	33	30	32
gene1507.1	29	25	29
gene1508.1	23	31	35
gene1509.1	33	29	25
gene1510.1	30	34	28
gene1511.1	40	40	39
gene1512.1	40	24	37
gene1513.1	40	32	26
gene1514.1	27	28	26
gene1515.1	30	28	34
gene1516.1	27	30	31
gene1517.1	25	35	25
gene1518.1	27	32	25
gene1519.1	38	31	35
gene1520.1	32	30	29
gene1521.1	37	24	32
gene1522.1	31	40	30
gene1523.1	37	34	24
gene1524.1	30	21	24
gene1525.1	35	29	31
gene1526.1	31	35	32
gene1527.1	17	32	35
gene1528.1	40	28	35
gene1529.1	30	29	35
gene1530.1	34	17	34
gene1531.1	27	34	34
gene1532.1	28	24	36
gene1533.1	32	29	30
gene1534.1	38	28	29
gene1535.1	33	33	32
gene1536.1	24	25	28
gene1537.1	32	22	30
gene1538.1	25	35	34
gene1539.1	28	26	22
gene1540.1	26	20	25
gene1541.1	29	31	27
gene1542.1	32	30	30
gene1543.1	28	32	26
gene1544.1	26	27	27
gene1545.1	28	31	27
gene1546.1	31	35	36
gene1547.1	32	28	22
gene1548.1	33	29	26
gene1549.1	26	37	27
gene1550.1	27	30	29
gene1551.1	23	28	32
gene1552.1	28	35	25
gene1553.1	28	34	17
gene1554.1	25	34	29
gene1555.1	25	35	26
gene1556.1	32	38	36
gene1557.1	32	29	24
gene1558.1	31	32	36
gene1559.1	26	39	26
gene1560.1	29	35	27
gene1561.1	34	21	29
gene1562.1	30	17	38
gene1563.1	26	25	29
gene1564.1	26	27	33
gene1565.1	30	29	37
gene1566.1	32	28	26
gene1567.1	27	36	33
gene1568.1	27	25	35
gene1569.1	23	24	26
gene1570.1	36	35	28
gene1571.1	31	31	40
gene1572.1	25	30	35
gene1573.1	31	33	29
gene1574.1	31	30	36
gene1575.1	39	39	32
gene1576.1	32	33	27
gene1577.1	32	29	36
gene1578.1	27	26	38
gene1579.1	36	20	28
gene1580.1	28	24	33
gene1581.1	34	29	26
gene1582.1	47	27	34
gene1583.1	28	21	23
gene1584.1	22	32	27
gene1585.1	22	30	38
gene1586.1	28	32	25
gene1587.1	29	26	30
gene1588.1	38	31	29
gene1589.1	26	23	25
gene1590.1	38	32	39
gene1591.1	32	32	24
gene1592.1	31	27	25
gene1593.1	28	28	30
gene1594.1	30	36	30
gene1595.1	42	39	21
gene1596.1	42	35	35
gene1597.1	22	31	25
gene1598.1	32	14	31
gene1599.1	33	38	25
gene1600.1	31	28	34
gene1601.1	33	35	28
gene1602.1	35	23	28
gene1603.1	36	31	19
gene1604.1	32	31	24
gene1605.1	22	24	19
gene1606.1	33	31	33
gene1607.1	35	32	29
gene1608.1	32	25	29
gene1609.1	32	22	34
gene1610.1	30	34	29
gene1611.1	31	26	25
gene1612.1	26	37	35
gene1613.1	28	26	26
gene1614.1	38	30	39
gene1615.1	20	25	31
gene1616.1	32	32	26
gene1617.1	24	38	28
gene1618.1	32	35	36
gene1619.1	22	31	32
gene1620.1	23	30	44
gene1621.1	33	41	29
gene1622.1	36	31	36
gene1623.1	29	29	25
gene1624.1	24	36	31
gene1625.1	31	33	44
gene1626.1	30	34	35
gene1627.1	22	27	25
gene1628.1	29	33	26
gene1629.1	31	26	27
gene1630.1	35	41	36
gene1631.1	34	39	22
gene1632.1	27	22	32
gene1633.1	22	40	23
gene1634.1	38	31	30
gene1635.1	28	26	36
gene1636.1	33	22	27
gene1637.1	23	36	25
gene1638.1	35	32	40
gene1639.1	32	34	40
gene1640.1	32	37	30
gene1641.1	33	40	33
gene1642.1	26	27	24
gene1643.1	33	32	35
gene1644.1	24	31	25
gene1645.1	34	37	28
gene1646.1	27	23	25
gene1647.1	25	35	29
gene1648.1	21	32	28
gene1649.1	34	31	28
gene1650.1	32	22	39
gene1651.1	32	39	33
gene1652.1	26	17	37
gene1653.1	29	31	19
gene1654.1	27	25	33
gene1655.1	26	23	30
gene1656.1	38	23	27
gene1657.1	34	31	32
gene1658.1	36	32	23
gene1659.1	32	35	35
gene1660.1	26	28	40
gene1661.1	32	35	35
gene1662.1	32	36	32
gene1663.1	21	26	23
gene1664.1	29	28	33
gene1665.1	35	37	31
gene1666.1	28	31	31
gene1667.1	38	29	33
gene1668.1	28	19	38
gene1669.1	24	30	27
gene1670.1	27	28	35
gene1671.1	34	31	38
gene1672.1	35	30	28
gene1673.1	23	25	30
gene1674.1	36	29	33
gene1675.1	33	27	38
gene1676.1	30	23	28
gene1677.1	27	23	18
gene1678.1	33	29	21
gene1679.1	34	38	36
gene1680.1	28	38	32
gene1681.1	25	35	30
gene1682.1	27	28	24
gene1683.1	38	22	34
gene1684.1	34	26	33
gene1685.1	34	32	28
gene1686.1	34	25	36
gene1687.1	25	36	39
gene1688.1	29	31	31
gene1689.1	33	27	29
gene1690.1	21	34	28
gene1691.1	21	33	28
gene1692.1	34	47	22
gene1693.1	27	32	23
gene1694.1	19	30	27
gene1695.1	28	27	38
gene1696.1	43	39	23
gene1697.1	28	32	33
gene1698.1	26	15	25
gene1699.1	27	29	23
gene1700.1	36	29	21
gene1701.1	32	37	33
gene1702.1	32	27	33
gene1703.1	29	29	31
gene1704.1	30	46	39
gene1705.1	30	38	23
gene1706.1	25	29	35
gene1707.1	29	20	23
gene1708.1	27	16	35
gene1709.1	28	31	24
gene1710.1	31	32	35
gene1711.1	19	27	33
gene1712.1	28	26	20
gene1713.1	33	28	32
gene1714.1	21	28	36
gene1715.1	23	34	34
gene1716.1	32	31	44
gene1717.1	28	32	21
gene1718.1	27	22	23
gene1719.1	30	29	27
gene1720.1	29	36	35
gene1721.1	26	27	30
gene1722.1	27	34	32
gene1723.1	29	30	36
gene1724.1	29	42	29
gene1725.1	27	32	31
gene1726.1	35	30	32
gene1727.1	35	31	23
gene1728.1	28	33	27
gene1729.1	34	32	30
gene1730.1	29	24	21
gene1731.1	14	21	31
gene1732.1	20	23	31
gene1733.1	32	31	31
gene1734.1	35	43	32
gene1735.1	36	26	42
gene1736.1	28	25	32
gene1737.1	39	34	35
gene1738.1	21	24	17
gene1739.1	26	26	24
gene1740.1	22	33	36
gene1741.1	19	25	33
gene1742.1	16	34	42
gene1743.1	34	35	30
gene1744.1	30	33	33
gene1745.1	32	32	29
gene1746.1	23	31	22
gene1747.1	37	21	27
gene1748.1	20	27	36
gene1749.1	29	32	25
gene1750.1	31	33	24
gene1751.1	33	25	31
gene1752.1	36	36	31
gene1753.1	39	28	26
gene1754.1	25	28	35
gene1755.1	39	37	32
gene1756.1	24	30	34
gene1757.1	20	34	28
gene1758.1	23	24	30
gene1759.1	34	20	22
gene1760.1	29	29	28
gene1761.1	28	24	24
gene1762.1	25	23	31
gene1763.1	31	35	24
gene1764.1	23	33	34
gene1765.1	27	29	26
gene1766.1	30	30	27
gene1767.1	31	29	22
gene1768.1	29	28	35
gene1769.1	32	34	25
gene1770.1	31	27	28
gene1771.1	27	29	26
gene1772.1	31	32	32
gene1773.1	36	28	41
gene1774.1	25	33	19
gene1775.1	38	29	33
gene1776.1	23	28	33
gene1777.1	29	30	28
gene1778.1	38	32	45
gene1779.1	28	23	32
gene1780.1	32	27	31
gene1781.1	37	32	34
gene1782.1	29	27	32
gene1783.1	31	32	32
gene1784.1	32	28	33
gene1785.1	30	29	29
gene1786.1	18	36	27
gene1787.1	26	41	27
gene1788.1	27	30	43
gene1789.1	29	24	31
gene1790.1	32	34	30
gene1791.1	42	28	33
gene1792.1	28	31	29
gene1793.1	35	22	36
gene1794.1	28	30	25
gene1795.1	24	33	32
gene1796.1	24	31	27
gene1797.1	24	32	34
gene1798.1	33	26	20
gene1799.1	21	23	31
gene1800.1	41	34	30
gene1801.1	28	34	29
gene1802.1	26	37	30
gene1803.1	28	30	35
gene1804.1	27	23	24
gene1805.1	34	27	35
gene1806.1	31	38	30
gene1807.1	36	27	23
gene1808.1	27	21	24
gene1809.1	32	31	28
gene1810.1	33	26	30
gene1811.1	30	35	25
gene1812.1	24	30	34
gene1813.1	23	22	23
gene1814.1	35	36	29
gene1815.1	29	31	36
gene1816.1	30	27	25
gene1817.1	25	31	35
gene1818.1	27	26	33
gene1819.1	27	30	30
gene1820.1	26	31	32
gene1821.1	34	28	31
gene1822.1	20	40	30
gene1823.1	34	31	28
gene1824.1	34	33	49
gene1825.1	40	25	34
gene1826.1	33	34	28
gene1827.1	35	32	33
gene1828.1	28	29	39
gene1829.1	28	34	31
gene1830.1	32	30	26
gene1831.1	36	32	15
gene1832.1	35	19	25
gene1833.1	34	24	23
gene1834.1	33	31	31
gene1835.1	27	32	25
gene1836.1	29	22	22
gene1837.1	33	32	20
gene1838.1	38	40	29
gene1839.1	33	33	20
gene1840.1	32	31	24
gene1841.1	21	27	22
gene1842.1	35	30	28
gene1843.1	26	32	37
gene1844.1	33	28	36
gene1845.1	28	35	36
gene1846.1	27	23	47
gene1847.1	22	36	32
gene1848.1	38	37	28
gene1849.1	23	29	28
gene1850.1	34	28	29
gene1851.1	35	30	28
gene1852.1	29	33	19
gene1853.1	16	28	27
gene1854.1	23	36	32
gene1855.1	32	30	39
gene1856.1	25	37	28
gene1857.1	34	38	28
gene1858.1	23	28	30
gene1859.1	31	26	21
gene1860.1	29	33	23
gene1861.1	28	30	35
gene1862.1	20	32	29
gene1863.1	34	31	31
gene1864.1	20	25	34
gene1865.1	34	36	26
gene1866.1	27	39	31
gene1867.1	36	24	38
gene1868.1	23	33	20
gene1869.1	23	32	33
gene1870.1	35	24	24
gene1871.1	24	23	15
gene1872.1	36	35	37
gene1873.1	30	19	27
gene1874.1	33	29	33
gene1875.1	33	21	24
gene1876.1	26	37	27
gene1877.1	30	25	29
gene1878.1	32	28	28
gene1879.1	28	33	36
gene1880.1	37	33	22
gene1881.1	27	32	29
gene1882.1	24	32	32
gene1883.1	26	35	24
gene1884.1	29	29	26
gene1885.1	35	29	22
gene1886.1	29	23	34
gene1887.1	43	33	29
gene1888.1	33	33	34
gene1889.1	28	42	27
gene1890.1	38	31	34
gene1891.1	34	28	35
gene1892.1	31	25	30
gene1893.1	35	29	36
gene1894.1	40	31	38
gene1895.1	29	31	28
gene1896.1	29	27	28
gene1897.1	34	33	27
gene1898.1	33	31	30
gene1899.1	26	39	44
gene1900.1	27	35	36
gene1901.1	33	29	38
gene1902.1	30	34	36
gene1903.1	28	39	23
gene1904.1	40	29	30
gene1905.1	21	31	34
gene1906.1	23	28	33
gene1907.1	23	33	30
gene1908.1	27	43	35
gene1909.1	27	21	32
gene1910.1	37	23	30
gene1911.1	37	27	27
gene1912.1	31	25	32
gene1913.1	37	29	26
gene1914.1	32	42	27
gene1915.1	30	28	24
gene1916.1	27	31	32
gene1917.1	32	20	35
gene1918.1	32	31	33
gene1919.1	24	28	33
gene1920.1	31	31	31
gene1921.1	19	38	24
gene1922.1	29	37	31
gene1923.1	29	26	40
gene1924.1	32	23	26
gene1925.1	29	28	37
gene1926.1	30	25	26
gene1927.1	28	37	26
gene1928.1	22	26	20
gene1929.1	24	20	24
gene1930.1	29	30	42
gene1931.1	23	24	34
gene1932.1	32	29	26
gene1933.1	28	25	34
gene1934.1	30	39	25
gene1935.1	36	24	32
gene1936.1	30	27	25
gene1937.1	39	23	29
gene1938.1	31	28	26
gene1939.1	25	26	25
gene1940.1	28	28	35
gene1941.1	33	22	27
gene1942.1	41	40	30
gene1943.1	36	27	35
gene1944.1	34	32	26
gene1945.1	24	34	30
gene1946.1	29	26	35
gene1947.1	29	33	35
gene1948.1	33	37	27
gene1949.1	30	39	29
gene1950.1	30	28	32
gene1951.1	32	34	33
gene1952.1	22	22	33
gene1953.1	37	31	28
gene1954.1	24	36	26
gene1955.1	22	28	22
gene1956.1	32	28	27
gene1957.1	34	26	25
gene1958.1	31	25	24
gene1959.1	31	20	46
gene1960.1	27	29	36
gene1961.1	26	23	28
gene1962.1	25	35	22
gene1963.1	30	29	28
gene1964.1	29	28	31
gene1965.1	44	29	33
gene1966.1	33	22	32
gene1967.1	29	33	24
gene1968.1	24	30	28
gene1969.1	24	32	36
gene1970.1	31	30	29
gene1971.1	22	25	31
gene1972.1	29	25	26
gene1973.1	21	19	24
gene1974.1	28	27	27
gene1975.1	26	24	39
gene1976.1	26	26	30
gene1977.1	51	36	34
gene1978.1	27	35	24
gene1979.1	27	24	34
gene1980.1	27	38	25
gene1981.1	38	32	24
gene1982.1	30	37	28
gene1983.1	22	35	26
gene1984.1	35	32	25
gene1985.1	36	31	26
gene1986.1	33	24	29
gene1987.1	25	34	27
gene1988.1	34	42	19
gene1989.1	22	35	34
gene1990.1	34	25	27
gene1991.1	24	32	15
gene1992.1	35	32	30
gene1993.1	26	31	37
gene1994.1	26	34	26
gene1995.1	23	31	25
gene1996.1	28	37	19
gene1997.1	33	25	32
gene1998.1	24	26	21
gene1999.1	32	22	33
gene2000.1	27	32	29
