N_unmapped	2324	2334	2284
N_multimapping	12592	12665	12741
N_noFeature	12467	12323	12155
N_ambiguous	12740	12524	12891
gene1	27	31	34
gene2	38	35	31
gene3	27	31	29
gene4	35	36	33
gene5	27	23	29
gene6	26	36	32
gene7	25	22	20
gene8	26	34	21
gene9	27	32	33
gene10	27	29	35
gene11	24	26	33
gene12	21	40	30
gene13	26	28	39
gene14	35	27	30
gene15	30	35	27
gene16	38	25	35
gene17	35	32	23
gene18	21	29	29
gene19	29	27	30
gene20	26	32	25
gene21	27	27	25
gene22	30	39	33
gene23	25	31	23
gene24	34	38	25
gene25	25	29	25
gene26	26	29	28
gene27	44	33	29
gene28	35	29	29
gene29	31	36	32
gene30	32	30	26
gene31	27	32	33
gene32	31	32	31
gene33	27	31	35
gene34	30	31	30
gene35	32	36	29
gene36	30	33	26
gene37	26	36	24
gene38	34	33	23
gene39	22	20	31
gene40	27	39	32
gene41	33	25	31
gene42	30	31	28
gene43	24	27	27
gene44	30	29	39
gene45	30	28	29
gene46	34	39	30
gene47	25	26	29
gene48	36	30	33
gene49	36	28	32
gene50	21	34	30
gene51	27	24	23
gene52	19	28	28
gene53	26	28	30
gene54	33	28	38
gene55	27	34	37
gene56	30	35	30
gene57	21	29	21
gene58	31	30	29
gene59	24	22	26
gene60	37	27	27
gene61	19	36	35
gene62	34	33	40
gene63	23	26	46
gene64	30	34	29
gene65	28	29	27
gene66	22	40	27
gene67	27	21	34
gene68	32	24	28
gene69	38	25	21
gene70	29	36	36
gene71	24	32	25
gene72	30	25	33
gene73	25	20	30
gene74	37	28	35
gene75	28	38	21
gene76	27	28	33
gene77	25	32	33
gene78	37	36	33
gene79	25	24	39
gene80	37	20	29
gene81	24	38	21
gene82	24	28	38
gene83	23	24	38
gene84	30	27	29
gene85	27	24	24
gene86	20	21	33
gene87	27	27	23
gene88	33	35	30
gene89	21	25	24
gene90	33	26	21
gene91	27	36	31
gene92	32	37	37
gene93	25	29	28
gene94	35	32	27
gene95	28	29	29
gene96	27	30	31
gene97	27	29	28
gene98	32	31	43
gene99	28	29	25
gene100	39	25	30
gene101	24	34	32
gene102	27	35	40
gene103	34	20	25
gene104	34	25	27
gene105	32	26	28
gene106	29	38	22
gene107	22	18	27
gene108	18	21	29
gene109	37	34	35
gene110	35	31	31
gene111	32	28	37
gene112	25	29	20
gene113	30	27	27
gene114	27	25	36
gene115	31	37	34
gene116	21	34	34
gene117	31	22	40
gene118	26	25	31
gene119	22	31	33
gene120	21	24	29
gene121	31	40	33
gene122	33	41	22
gene123	27	41	35
gene124	28	31	31
gene125	25	26	28
gene126	33	29	33
gene127	29	29	25
gene128	18	24	25
gene129	20	38	34
gene130	26	26	29
gene131	37	34	29
gene132	25	29	34
gene133	29	30	30
gene134	20	37	32
gene135	38	24	26
gene136	33	40	25
gene137	27	25	18
gene138	36	28	26
gene139	32	37	34
gene140	37	29	26
gene141	25	24	31
gene142	23	24	37
gene143	27	24	29
gene144	20	40	26
gene145	33	41	22
gene146	23	27	35
gene147	39	35	30
gene148	36	38	36
gene149	26	42	26
gene150	33	41	29
gene151	35	29	26
gene152	30	30	26
gene153	27	25	35
gene154	39	32	31
gene155	24	20	35
gene156	32	26	34
gene157	31	27	32
gene158	31	36	23
gene159	28	25	28
gene160	24	29	31
gene161	34	25	30
gene162	25	36	32
gene163	27	32	28
gene164	23	25	24
gene165	41	30	25
gene166	23	24	23
gene167	26	35	28
gene168	29	30	16
gene169	27	25	31
gene170	26	35	35
gene171	26	32	31
gene172	22	34	17
gene173	33	28	31
gene174	21	26	38
gene175	33	45	44
gene176	37	35	36
gene177	35	24	19
gene178	29	39	26
gene179	34	24	21
gene180	34	37	30
gene181	27	34	33
gene182	28	29	33
gene183	34	38	30
gene184	37	28	30
gene185	22	26	31
gene186	30	27	26
gene187	36	27	25
gene188	28	30	27
gene189	35	37	20
gene190	31	30	35
gene191	22	23	31
gene192	36	30	29
gene193	32	34	32
gene194	30	27	37
gene195	31	28	20
gene196	30	33	30
gene197	24	33	36
gene198	32	24	28
gene199	31	30	38
gene200	23	41	26
gene201	36	39	28
gene202	33	33	23
gene203	32	28	36
gene204	37	37	24
gene205	43	22	29
gene206	33	33	38
gene207	31	29	30
gene208	27	35	32
gene209	30	22	33
gene210	40	25	29
gene211	26	30	29
gene212	31	30	33
gene213	33	32	34
gene214	31	34	31
gene215	32	37	27
gene216	31	34	33
gene217	25	32	23
gene218	37	36	30
gene219	22	21	31
gene220	34	30	22
gene221	16	26	42
gene222	22	42	33
gene223	28	28	32
gene224	26	29	22
gene225	29	27	31
gene226	21	42	36
gene227	34	26	18
gene228	29	30	30
gene229	24	33	27
gene230	28	33	28
gene231	28	34	35
gene232	28	26	33
gene233	28	37	28
gene234	23	21	22
gene235	32	32	29
gene236	35	33	33
gene237	29	29	29
gene238	25	25	32
gene239	29	31	27
gene240	36	25	32
gene241	32	26	20
gene242	20	39	26
gene243	30	41	33
gene244	32	20	34
gene245	40	26	36
gene246	26	32	30
gene247	38	29	37
gene248	30	24	29
gene249	33	32	34
gene250	34	29	30
gene251	25	36	37
gene252	30	39	34
gene253	30	36	34
gene254	28	40	26
gene255	33	23	28
gene256	35	36	29
gene257	26	26	39
gene258	24	34	23
gene259	38	26	27
gene260	27	36	31
gene261	27	25	36
gene262	32	38	38
gene263	31	27	32
gene264	30	23	36
gene265	33	32	27
gene266	31	35	35
gene267	26	20	30
gene268	35	24	34
gene269	34	26	28
gene270	27	33	35
gene271	33	34	31
gene272	26	31	38
gene273	26	31	26
gene274	29	20	24
gene275	28	25	38
gene276	35	31	48
gene277	30	36	35
gene278	31	28	31
gene279	29	33	33
gene280	29	25	45
gene281	23	42	35
gene282	26	32	42
gene283	26	26	17
gene284	31	25	36
gene285	40	37	26
gene286	18	27	26
gene287	38	24	32
gene288	30	31	33
gene289	28	30	32
gene290	29	34	29
gene291	35	32	27
gene292	15	28	29
gene293	35	22	34
gene294	27	30	47
gene295	26	29	28
gene296	28	43	32
gene297	33	34	25
gene298	31	35	30
gene299	33	28	31
gene300	39	25	30
gene301	30	34	30
gene302	30	30	20
gene303	27	34	29
gene304	29	31	25
gene305	24	41	31
gene306	29	22	22
gene307	27	24	26
gene308	24	35	34
gene309	30	26	29
gene310	31	28	30
gene311	35	39	42
gene312	28	44	24
gene313	33	36	27
gene314	32	36	39
gene315	29	25	19
gene316	27	25	35
gene317	28	35	33
gene318	27	26	32
gene319	32	20	36
gene320	38	28	33
gene321	37	26	19
gene322	31	31	24
gene323	34	37	23
gene324	26	33	28
gene325	33	35	35
gene326	32	30	32
gene327	39	37	40
gene328	35	27	24
gene329	41	42	37
gene330	35	26	46
gene331	18	27	28
gene332	32	26	37
gene333	30	33	31
gene334	32	22	36
gene335	38	41	27
gene336	33	32	30
gene337	37	32	28
gene338	31	18	22
gene339	26	28	38
gene340	26	22	36
gene341	28	25	24
gene342	30	42	38
gene343	24	32	22
gene344	40	31	32
gene345	21	43	31
gene346	35	33	27
gene347	27	17	26
gene348	30	25	33
gene349	28	31	31
gene350	31	25	32
gene351	38	24	21
gene352	30	21	26
gene353	34	32	32
gene354	24	34	26
gene355	29	31	35
gene356	37	25	31
gene357	22	22	30
gene358	27	29	35
gene359	23	31	28
gene360	31	29	43
gene361	35	29	29
gene362	37	31	24
gene363	20	27	23
gene364	30	24	27
gene365	37	24	29
gene366	26	29	37
gene367	26	34	25
gene368	34	19	30
gene369	30	34	27
gene370	27	33	33
gene371	27	25	21
gene372	23	31	25
gene373	28	27	37
gene374	23	26	28
gene375	34	24	44
gene376	43	35	32
gene377	43	28	32
gene378	40	24	25
gene379	28	35	35
gene380	29	28	37
gene381	28	31	25
gene382	23	33	23
gene383	37	33	27
gene384	34	43	34
gene385	31	22	29
gene386	24	32	31
gene387	35	20	32
gene388	35	31	23
gene389	42	28	23
gene390	33	18	40
gene391	27	32	25
gene392	31	38	31
gene393	32	39	35
gene394	29	26	28
gene395	30	26	28
gene396	36	27	33
gene397	29	25	29
gene398	32	29	29
gene399	30	28	29
gene400	31	29	28
gene401	36	38	38
gene402	27	37	26
gene403	23	21	47
gene404	36	25	33
gene405	30	32	25
gene406	27	26	24
gene407	23	24	31
gene408	29	25	31
gene409	37	36	30
gene410	39	26	29
gene411	33	20	28
gene412	32	40	28
gene413	42	30	35
gene414	25	24	34
gene415	38	26	29
gene416	29	29	32
gene417	31	30	28
gene418	21	21	28
gene419	36	34	33
gene420	31	25	33
gene421	29	27	37
gene422	26	26	21
gene423	26	37	26
gene424	25	32	25
gene425	33	29	26
gene426	25	29	30
gene427	32	25	30
gene428	32	31	38
gene429	29	30	27
gene430	31	38	24
gene431	39	35	22
gene432	18	32	21
gene433	26	31	29
gene434	35	28	30
gene435	36	32	40
gene436	19	32	30
gene437	28	18	22
gene438	41	33	22
gene439	31	27	33
gene440	28	31	30
gene441	22	21	33
gene442	34	26	28
gene443	21	31	23
gene444	32	20	31
gene445	18	35	24
gene446	30	38	24
gene447	32	21	37
gene448	36	34	27
gene449	24	31	24
gene450	22	27	26
gene451	25	30	34
gene452	38	29	36
gene453	27	39	30
gene454	28	19	27
gene455	24	39	34
gene456	35	19	28
gene457	38	35	35
gene458	30	32	20
gene459	34	33	27
gene460	33	26	30
gene461	28	27	36
gene462	28	37	26
gene463	34	34	30
gene464	20	36	35
gene465	30	20	28
gene466	41	21	35
gene467	27	20	23
gene468	27	35	28
gene469	27	37	30
gene470	38	24	22
gene471	32	26	32
gene472	35	32	28
gene473	29	27	41
gene474	34	36	30
gene475	27	35	32
gene476	31	29	25
gene477	30	26	32
gene478	29	37	26
gene479	35	31	31
gene480	34	33	32
gene481	25	34	27
gene482	24	25	38
gene483	35	33	28
gene484	26	36	23
gene485	33	39	25
gene486	33	25	27
gene487	28	16	30
gene488	30	29	18
gene489	30	37	31
gene490	30	46	34
gene491	39	32	21
gene492	23	30	33
gene493	21	34	23
gene494	37	32	35
gene495	23	30	38
gene496	31	20	30
gene497	42	22	24
gene498	35	28	27
gene499	31	28	30
gene500	19	28	19
gene501	25	29	36
gene502	34	18	33
gene503	26	25	34
gene504	32	26	37
gene505	33	34	27
gene506	34	33	33
gene507	39	26	34
gene508	21	37	26
gene509	30	32	40
gene510	23	27	26
gene511	21	35	30
gene512	38	27	29
gene513	29	25	22
gene514	23	30	29
gene515	34	26	30
gene516	26	29	32
gene517	37	32	35
gene518	31	46	37
gene519	39	29	28
gene520	32	31	36
gene521	33	30	37
gene522	23	33	32
gene523	30	35	25
gene524	31	33	24
gene525	31	28	27
gene526	35	25	25
gene527	39	29	29
gene528	35	29	24
gene529	27	25	34
gene530	32	36	36
gene531	28	28	34
gene532	30	33	21
gene533	26	26	32
gene534	26	33	24
gene535	33	29	31
gene536	31	29	31
gene537	32	32	30
gene538	29	28	35
gene539	29	34	31
gene540	30	27	32
gene541	23	43	30
gene542	27	31	34
gene543	26	26	37
gene544	38	33	28
gene545	36	30	36
gene546	37	26	26
gene547	37	25	22
gene548	27	26	21
gene549	28	43	22
gene550	30	28	29
gene551	28	25	30
gene552	26	34	37
gene553	28	30	33
gene554	31	38	31
gene555	38	21	40
gene556	36	29	38
gene557	28	30	23
gene558	24	29	32
gene559	30	35	31
gene560	23	36	31
gene561	32	35	29
gene562	32	30	25
gene563	34	27	21
gene564	35	27	31
gene565	28	32	33
gene566	31	32	25
gene567	44	25	33
gene568	32	23	36
gene569	25	38	27
gene570	25	35	24
gene571	22	31	33
gene572	35	34	27
gene573	30	26	35
gene574	24	32	37
gene575	40	20	33
gene576	30	33	26
gene577	30	36	30
gene578	31	38	36
gene579	30	22	25
gene580	28	32	29
gene581	35	25	32
gene582	36	33	28
gene583	29	26	32
gene584	32	30	28
gene585	30	32	32
gene586	35	24	35
gene587	37	25	26
gene588	34	38	22
gene589	30	33	22
gene590	36	26	22
gene591	26	34	29
gene592	32	36	33
gene593	32	27	29
gene594	32	29	37
gene595	24	24	27
gene596	33	17	42
gene597	22	31	32
gene598	27	24	34
gene599	29	29	33
gene600	29	42	34
gene601	24	30	36
gene602	24	32	36
gene603	33	28	29
gene604	26	37	26
gene605	29	38	29
gene606	24	30	29
gene607	26	21	30
gene608	37	25	30
gene609	39	34	33
gene610	29	27	29
gene611	29	36	28
gene612	21	30	38
gene613	38	25	29
gene614	26	42	37
gene615	29	30	28
gene616	32	37	38
gene617	28	24	26
gene618	26	32	37
gene619	32	28	23
gene620	26	34	36
gene621	36	30	31
gene622	28	31	22
gene623	46	38	34
gene624	28	27	33
gene625	24	19	25
gene626	30	35	20
gene627	29	32	33
gene628	26	22	30
gene629	36	40	38
gene630	18	31	32
gene631	32	28	27
gene632	28	36	26
gene633	29	35	33
gene634	32	31	38
gene635	23	32	24
gene636	34	35	32
gene637	28	43	32
gene638	31	30	28
gene639	29	27	40
gene640	20	33	33
gene641	29	26	33
gene642	26	32	32
gene643	39	28	25
gene644	21	33	37
gene645	27	27	25
gene646	17	33	35
gene647	31	19	29
gene648	35	28	39
gene649	26	32	41
gene650	25	25	28
gene651	36	36	23
gene652	27	30	25
gene653	36	29	36
gene654	27	27	39
gene655	28	31	23
gene656	30	21	28
gene657	27	33	32
gene658	25	26	32
gene659	30	41	34
gene660	27	34	34
gene661	27	42	28
gene662	16	41	22
gene663	31	30	27
gene664	25	27	33
gene665	35	25	32
gene666	23	38	25
gene667	21	33	30
gene668	32	26	25
gene669	34	30	40
gene670	32	34	45
gene671	27	25	34
gene672	32	38	21
gene673	27	36	26
gene674	45	24	25
gene675	26	18	33
gene676	33	34	21
gene677	26	33	33
gene678	24	21	36
gene679	32	34	22
gene680	36	35	25
gene681	37	19	36
gene682	34	18	29
gene683	27	25	45
gene684	27	17	33
gene685	34	45	35
gene686	33	31	36
gene687	24	24	23
gene688	31	34	39
gene689	27	34	42
gene690	18	28	22
gene691	31	30	33
gene692	26	32	30
gene693	34	29	29
gene694	26	23	39
gene695	39	28	30
gene696	33	22	36
gene697	33	28	29
gene698	23	35	33
gene699	31	35	36
gene700	33	38	32
gene701	34	23	30
gene702	35	32	42
gene703	29	35	26
gene704	36	29	37
gene705	27	36	32
gene706	25	39	27
gene707	39	39	37
gene708	27	34	29
gene709	33	28	29
gene710	26	26	24
gene711	37	29	23
gene712	39	34	28
gene713	29	39	18
gene714	36	35	28
gene715	31	28	26
gene716	28	31	23
gene717	35	32	29
gene718	30	30	34
gene719	34	29	25
gene720	31	34	34
gene721	36	31	23
gene722	30	38	40
gene723	33	31	31
gene724	36	25	35
gene725	25	31	36
gene726	35	31	32
gene727	36	27	35
gene728	29	36	41
gene729	34	32	24
gene730	29	34	25
gene731	34	31	35
gene732	22	30	33
gene733	28	26	32
gene734	30	27	27
gene735	35	37	30
gene736	26	28	21
gene737	30	14	33
gene738	29	33	21
gene739	29	27	32
gene740	31	26	29
gene741	38	36	32
gene742	26	28	32
gene743	34	35	24
gene744	20	34	32
gene745	16	21	37
gene746	32	33	29
gene747	28	21	38
gene748	28	24	30
gene749	22	29	33
gene750	28	25	29
gene751	30	25	30
gene752	38	24	25
gene753	32	37	39
gene754	32	30	25
gene755	30	44	27
gene756	30	33	31
gene757	23	35	37
gene758	29	32	39
gene759	36	28	26
gene760	28	34	30
gene761	39	33	25
gene762	31	37	43
gene763	32	18	31
gene764	24	27	25
gene765	27	27	27
gene766	34	32	32
gene767	35	40	38
gene768	28	35	31
gene769	32	29	29
gene770	26	37	28
gene771	26	31	42
gene772	28	35	34
gene773	26	28	36
gene774	41	23	23
gene775	38	40	21
gene776	21	32	29
gene777	32	29	27
gene778	28	29	30
gene779	27	33	31
gene780	30	19	34
gene781	22	32	34
gene782	27	31	25
gene783	31	35	28
gene784	27	25	16
gene785	33	27	33
gene786	31	33	36
gene787	23	31	37
gene788	30	28	35
gene789	35	21	32
gene790	32	28	36
gene791	26	26	27
gene792	38	29	28
gene793	38	27	29
gene794	27	35	17
gene795	34	38	31
gene796	24	35	31
gene797	27	29	29
gene798	34	31	38
gene799	34	27	37
gene800	32	30	27
gene801	28	33	26
gene802	23	27	26
gene803	30	43	31
gene804	42	15	29
gene805	33	27	29
gene806	38	30	30
gene807	30	41	32
gene808	23	30	28
gene809	32	22	28
gene810	42	35	34
gene811	34	38	34
gene812	21	30	37
gene813	25	33	40
gene814	30	20	25
gene815	27	30	30
gene816	24	31	31
gene817	26	26	26
gene818	28	31	30
gene819	25	25	34
gene820	28	35	24
gene821	25	25	44
gene822	27	36	38
gene823	25	33	21
gene824	31	26	32
gene825	31	30	31
gene826	22	32	36
gene827	36	25	30
gene828	30	29	27
gene829	25	36	28
gene830	33	33	28
gene831	38	35	28
gene832	29	34	28
gene833	13	25	28
gene834	28	31	33
gene835	22	29	25
gene836	26	24	31
gene837	24	37	31
gene838	33	32	37
gene839	34	33	25
gene840	30	26	28
gene841	31	33	31
gene842	28	28	28
gene843	28	36	24
gene844	31	30	25
gene845	22	31	25
gene846	20	28	28
gene847	34	39	31
gene848	40	37	27
gene849	40	29	34
gene850	30	32	40
gene851	25	32	29
gene852	35	35	24
gene853	22	25	34
gene854	32	22	35
gene855	31	34	31
gene856	26	32	36
gene857	36	29	34
gene858	37	28	25
gene859	24	18	28
gene860	24	30	26
gene861	30	32	23
gene862	34	27	28
gene863	38	33	25
gene864	26	31	33
gene865	35	33	26
gene866	33	28	27
gene867	27	30	30
gene868	24	28	24
gene869	28	33	38
gene870	27	30	36
gene871	32	29	29
gene872	33	36	30
gene873	33	35	25
gene874	41	15	23
gene875	24	23	35
gene876	28	31	34
gene877	30	24	37
gene878	25	34	29
gene879	32	36	32
gene880	33	30	30
gene881	33	33	33
gene882	45	23	27
gene883	30	29	25
gene884	37	35	34
gene885	31	27	29
gene886	20	26	26
gene887	29	28	31
gene888	33	36	28
gene889	35	38	31
gene890	39	25	36
gene891	35	30	30
gene892	24	25	38
gene893	30	19	42
gene894	25	31	26
gene895	21	37	41
gene896	24	30	31
gene897	39	28	26
gene898	20	35	23
gene899	28	30	37
gene900	28	26	27
gene901	40	26	25
gene902	31	24	34
gene903	26	18	27
gene904	18	26	23
gene905	29	27	43
gene906	23	23	30
gene907	34	22	31
gene908	36	27	30
gene909	35	34	30
gene910	25	50	33
gene911	32	20	34
gene912	31	34	25
gene913	20	35	32
gene914	45	21	27
gene915	23	34	21
gene916	31	37	36
gene917	28	22	26
gene918	32	35	27
gene919	29	34	26
gene920	29	32	31
gene921	31	32	29
gene922	28	28	35
gene923	20	23	26
gene924	39	22	27
gene925	32	39	26
gene926	38	22	30
gene927	32	31	22
gene928	31	24	29
gene929	32	34	33
gene930	25	34	23
gene931	17	33	22
gene932	31	28	27
gene933	30	40	34
gene934	28	30	39
gene935	32	25	26
gene936	36	34	37
gene937	26	26	21
gene938	25	27	30
gene939	40	29	28
gene940	21	35	21
gene941	30	29	25
gene942	42	25	34
gene943	29	28	26
gene944	45	37	24
gene945	27	33	31
gene946	25	16	28
gene947	32	25	29
gene948	30	25	24
gene949	21	26	20
gene950	22	21	29
gene951	31	29	31
gene952	39	39	29
gene953	29	28	25
gene954	36	31	25
gene955	26	21	27
gene956	24	26	32
gene957	27	22	33
gene958	31	27	24
gene959	27	34	35
gene960	32	44	32
gene961	27	35	29
gene962	30	33	25
gene963	33	29	25
gene964	33	25	31
gene965	29	27	32
gene966	29	32	31
gene967	24	29	23
gene968	27	23	21
gene969	39	24	28
gene970	25	27	28
gene971	32	27	30
gene972	29	29	24
gene973	29	31	27
gene974	25	39	26
gene975	27	38	31
gene976	31	28	32
gene977	27	28	36
gene978	35	31	26
gene979	28	29	21
gene980	31	28	33
gene981	26	26	22
gene982	32	29	27
gene983	34	41	28
gene984	25	18	34
gene985	30	32	33
gene986	25	25	34
gene987	29	33	37
gene988	33	30	38
gene989	26	26	35
gene990	28	34	51
gene991	42	30	32
gene992	33	32	31
gene993	31	17	27
gene994	30	28	33
gene995	22	24	36
gene996	38	33	35
gene997	30	34	29
gene998	29	26	38
gene999	28	27	19
gene1000	28	29	36
gene1001	41	34	37
gene1002	39	28	23
gene1003	28	21	42
gene1004	25	28	30
gene1005	39	22	31
gene1006	30	29	35
gene1007	28	37	32
gene1008	40	25	37
gene1009	24	31	39
gene1010	39	25	28
gene1011	20	40	25
gene1012	27	28	30
gene1013	30	34	33
gene1014	33	51	19
gene1015	35	31	34
gene1016	34	27	24
gene1017	40	37	29
gene1018	32	22	41
gene1019	36	23	41
gene1020	42	29	24
gene1021	26	27	34
gene1022	32	32	36
gene1023	29	33	31
gene1024	29	29	27
gene1025	32	41	30
gene1026	28	33	29
gene1027	37	23	33
gene1028	24	32	29
gene1029	29	35	27
gene1030	28	27	26
gene1031	31	36	32
gene1032	35	39	23
gene1033	23	29	32
gene1034	28	29	35
gene1035	33	31	36
gene1036	22	22	25
gene1037	31	23	24
gene1038	33	23	29
gene1039	33	25	30
gene1040	27	27	29
gene1041	28	32	22
gene1042	25	31	35
gene1043	39	25	22
gene1044	29	39	27
gene1045	29	24	28
gene1046	19	22	33
gene1047	30	24	33
gene1048	27	28	30
gene1049	29	25	28
gene1050	24	27	28
gene1051	22	23	37
gene1052	35	28	33
gene1053	31	33	27
gene1054	35	29	22
gene1055	23	35	31
gene1056	40	33	30
gene1057	27	28	29
gene1058	27	26	28
gene1059	28	28	28
gene1060	33	30	32
gene1061	31	31	33
gene1062	40	28	24
gene1063	30	42	35
gene1064	27	31	32
gene1065	32	31	32
gene1066	28	28	25
gene1067	23	33	33
gene1068	28	31	29
gene1069	29	45	33
gene1070	26	26	32
gene1071	34	30	23
gene1072	33	35	31
gene1073	29	32	32
gene1074	27	31	25
gene1075	27	25	26
gene1076	25	34	17
gene1077	41	24	33
gene1078	42	31	35
gene1079	27	24	29
gene1080	27	21	32
gene1081	30	24	29
gene1082	29	25	32
gene1083	36	38	32
gene1084	38	29	33
gene1085	36	24	42
gene1086	30	30	40
gene1087	33	33	30
gene1088	25	24	31
gene1089	31	24	28
gene1090	32	31	31
gene1091	24	32	31
gene1092	26	26	30
gene1093	32	25	24
gene1094	30	27	27
gene1095	29	38	23
gene1096	33	40	29
gene1097	26	24	29
gene1098	20	27	28
gene1099	39	26	32
gene1100	39	42	27
gene1101	26	32	33
gene1102	38	30	33
gene1103	31	34	24
gene1104	28	32	30
gene1105	33	21	34
gene1106	34	25	25
gene1107	36	40	23
gene1108	35	32	29
gene1109	32	27	29
gene1110	40	34	22
gene1111	41	24	32
gene1112	35	34	26
gene1113	32	25	22
gene1114	31	20	32
gene1115	27	30	42
gene1116	28	32	34
gene1117	30	32	27
gene1118	32	25	34
gene1119	33	34	26
gene1120	22	32	32
gene1121	19	25	28
gene1122	24	31	33
gene1123	29	33	19
gene1124	31	31	40
gene1125	30	19	34
gene1126	29	25	26
gene1127	28	25	30
gene1128	34	32	32
gene1129	30	25	24
gene1130	31	25	40
gene1131	20	34	30
gene1132	23	36	22
gene1133	32	31	37
gene1134	26	31	30
gene1135	30	46	22
gene1136	27	25	30
gene1137	27	20	27
gene1138	26	37	27
gene1139	16	25	30
gene1140	27	35	22
gene1141	28	31	36
gene1142	24	25	32
gene1143	27	25	31
gene1144	28	39	30
gene1145	32	40	28
gene1146	26	29	22
gene1147	37	36	29
gene1148	21	37	24
gene1149	23	26	29
gene1150	44	40	31
gene1151	36	36	41
gene1152	32	26	35
gene1153	22	28	31
gene1154	43	31	27
gene1155	26	18	28
gene1156	25	30	32
gene1157	28	27	29
gene1158	38	43	24
gene1159	28	25	33
gene1160	37	36	28
gene1161	31	30	33
gene1162	27	29	31
gene1163	29	31	31
gene1164	39	32	30
gene1165	37	33	19
gene1166	24	26	21
gene1167	31	27	32
gene1168	36	34	30
gene1169	30	41	35
gene1170	34	24	41
gene1171	26	39	42
gene1172	32	30	25
gene1173	28	28	24
gene1174	35	27	39
gene1175	22	32	29
gene1176	32	32	33
gene1177	32	31	36
gene1178	32	33	42
gene1179	35	30	43
gene1180	22	22	30
gene1181	23	22	32
gene1182	39	36	37
gene1183	32	25	21
gene1184	38	22	37
gene1185	32	23	33
gene1186	27	26	31
gene1187	31	34	33
gene1188	29	33	40
gene1189	30	32	24
gene1190	23	24	27
gene1191	39	33	26
gene1192	28	29	22
gene1193	32	24	29
gene1194	29	24	35
gene1195	38	23	36
gene1196	23	32	40
gene1197	32	25	35
gene1198	27	37	28
gene1199	32	23	26
gene1200	21	32	38
gene1201	27	22	22
gene1202	24	26	30
gene1203	46	29	32
gene1204	36	23	34
gene1205	29	34	27
gene1206	31	28	32
gene1207	27	24	25
gene1208	29	23	33
gene1209	32	26	35
gene1210	35	27	31
gene1211	32	31	37
gene1212	39	31	29
gene1213	34	30	31
gene1214	29	32	33
gene1215	25	27	20
gene1216	30	30	21
gene1217	29	22	42
gene1218	28	36	36
gene1219	39	23	33
gene1220	30	28	40
gene1221	27	25	22
gene1222	33	26	25
gene1223	28	28	25
gene1224	40	26	31
gene1225	33	39	36
gene1226	24	26	21
gene1227	27	33	24
gene1228	26	30	24
gene1229	36	27	27
gene1230	27	28	25
gene1231	32	23	26
gene1232	34	25	26
gene1233	30	20	30
gene1234	34	29	29
gene1235	21	31	37
gene1236	31	36	34
gene1237	28	33	35
gene1238	32	31	27
gene1239	42	21	24
gene1240	25	24	33
gene1241	28	30	35
gene1242	30	34	27
gene1243	33	26	27
gene1244	30	28	26
gene1245	25	36	38
gene1246	43	33	28
gene1247	21	30	30
gene1248	36	34	27
gene1249	34	26	29
gene1250	33	30	25
gene1251	38	33	30
gene1252	27	30	25
gene1253	22	27	39
gene1254	32	33	25
gene1255	34	24	35
gene1256	27	27	23
gene1257	32	28	24
gene1258	34	26	29
gene1259	28	28	23
gene1260	25	43	37
gene1261	40	33	33
gene1262	39	27	25
gene1263	24	25	25
gene1264	36	29	29
gene1265	29	34	25
gene1266	33	28	39
gene1267	33	28	33
gene1268	41	35	28
gene1269	24	23	28
gene1270	29	33	35
gene1271	36	24	21
gene1272	28	33	34
gene1273	29	30	35
gene1274	35	24	20
gene1275	37	26	23
gene1276	24	26	26
gene1277	30	35	34
gene1278	36	40	26
gene1279	26	29	26
gene1280	37	26	32
gene1281	23	32	28
gene1282	33	37	37
gene1283	22	32	32
gene1284	30	25	35
gene1285	29	29	31
gene1286	30	29	32
gene1287	19	33	25
gene1288	30	28	20
gene1289	22	29	28
gene1290	30	36	33
gene1291	41	33	25
gene1292	36	24	24
gene1293	29	31	29
gene1294	28	26	24
gene1295	37	29	28
gene1296	33	49	26
gene1297	39	29	34
gene1298	30	27	26
gene1299	30	43	27
gene1300	36	33	36
gene1301	30	29	21
gene1302	38	34	26
gene1303	31	28	28
gene1304	36	20	41
gene1305	33	23	34
gene1306	32	37	34
gene1307	34	39	36
gene1308	43	29	27
gene1309	19	32	34
gene1310	19	22	25
gene1311	30	31	41
gene1312	27	29	31
gene1313	33	34	25
gene1314	34	32	29
gene1315	29	26	36
gene1316	26	37	47
gene1317	31	33	28
gene1318	31	16	23
gene1319	35	31	36
gene1320	34	25	35
gene1321	29	32	37
gene1322	29	27	27
gene1323	38	41	22
gene1324	35	24	44
gene1325	32	33	22
gene1326	26	28	31
gene1327	21	32	40
gene1328	30	24	30
gene1329	29	23	24
gene1330	30	28	31
gene1331	33	33	34
gene1332	29	29	36
gene1333	30	28	39
gene1334	27	34	29
gene1335	22	32	27
gene1336	17	27	36
gene1337	20	29	26
gene1338	38	30	39
gene1339	29	28	29
gene1340	26	34	31
gene1341	33	33	23
gene1342	35	24	34
gene1343	26	31	39
gene1344	34	35	26
gene1345	32	29	26
gene1346	21	22	20
gene1347	33	29	25
gene1348	32	25	30
gene1349	35	33	33
gene1350	26	35	27
gene1351	33	26	31
gene1352	31	27	35
gene1353	31	38	34
gene1354	29	37	34
gene1355	22	22	36
gene1356	25	34	26
gene1357	27	17	26
gene1358	28	38	23
gene1359	34	33	30
gene1360	38	26	32
gene1361	32	29	33
gene1362	33	30	26
gene1363	25	30	35
gene1364	24	37	30
gene1365	31	19	32
gene1366	31	30	29
gene1367	29	27	32
gene1368	30	25	25
gene1369	37	33	43
gene1370	28	20	25
gene1371	29	24	25
gene1372	26	21	34
gene1373	28	32	25
gene1374	36	39	37
gene1375	28	32	43
gene1376	32	33	23
gene1377	25	27	29
gene1378	33	29	26
gene1379	37	36	25
gene1380	25	35	28
gene1381	31	27	36
gene1382	42	30	32
gene1383	26	30	27
gene1384	25	29	41
gene1385	32	37	31
gene1386	36	26	26
gene1387	34	29	27
gene1388	35	25	31
gene1389	27	32	30
gene1390	20	37	25
gene1391	28	28	24
gene1392	31	30	37
gene1393	29	32	20
gene1394	33	27	30
gene1395	19	31	30
gene1396	30	35	33
gene1397	30	34	31
gene1398	36	33	26
gene1399	30	31	29
gene1400	39	40	42
gene1401	28	37	29
gene1402	32	34	34
gene1403	24	36	31
gene1404	27	31	31
gene1405	36	27	29
gene1406	39	35	38
gene1407	27	38	29
gene1408	29	30	34
gene1409	30	28	38
gene1410	26	25	26
gene1411	42	29	31
gene1412	29	39	28
gene1413	26	33	26
gene1414	32	25	22
gene1415	26	39	27
gene1416	42	27	31
gene1417	30	32	37
gene1418	26	32	28
gene1419	28	38	29
gene1420	16	33	33
gene1421	27	35	29
gene1422	29	29	29
gene1423	32	30	30
gene1424	22	34	30
gene1425	31	32	23
gene1426	34	27	34
gene1427	24	37	22
gene1428	30	35	29
gene1429	22	36	33
gene1430	34	36	29
gene1431	33	29	32
gene1432	24	37	20
gene1433	25	28	28
gene1434	27	47	25
gene1435	25	31	30
gene1436	21	28	29
gene1437	37	37	31
gene1438	33	36	37
gene1439	30	31	24
gene1440	28	35	26
gene1441	27	36	36
gene1442	38	38	34
gene1443	34	25	25
gene1444	40	24	32
gene1445	37	34	29
gene1446	32	33	19
gene1447	35	32	17
gene1448	27	34	30
gene1449	24	33	34
gene1450	19	27	28
gene1451	26	26	39
gene1452	21	32	29
gene1453	31	28	30
gene1454	22	24	37
gene1455	23	20	30
gene1456	24	28	20
gene1457	28	31	31
gene1458	33	30	34
gene1459	30	20	27
gene1460	29	34	21
gene1461	29	22	30
gene1462	32	33	32
gene1463	31	36	21
gene1464	37	17	35
gene1465	31	34	38
gene1466	20	29	32
gene1467	35	33	27
gene1468	23	35	28
gene1469	29	19	29
gene1470	35	29	42
gene1471	25	39	28
gene1472	33	27	28
gene1473	29	27	38
gene1474	23	35	24
gene1475	29	37	25
gene1476	38	24	41
gene1477	30	23	20
gene1478	29	27	33
gene1479	38	36	37
gene1480	18	32	21
gene1481	33	32	37
gene1482	33	33	28
gene1483	40	31	26
gene1484	29	44	24
gene1485	36	40	30
gene1486	33	41	37
gene1487	40	33	22
gene1488	25	27	26
gene1489	22	45	26
gene1490	25	30	33
gene1491	26	30	24
gene1492	25	26	29
gene1493	27	27	29
gene1494	34	34	29
gene1495	28	34	45
gene1496	37	22	32
gene1497	28	38	34
gene1498	38	24	28
gene1499	32	25	31
gene1500	28	21	28
gene1501	23	23	28
gene1502	28	26	29
gene1503	27	36	37
gene1504	38	28	24
gene1505	27	25	33
gene1506	27	33	18
gene1507	28	33	23
gene1508	36	37	24
gene1509	26	33	34
gene1510	38	30	39
gene1511	36	29	32
gene1512	39	24	36
gene1513	34	37	30
gene1514	29	29	36
gene1515	31	28	28
gene1516	20	29	28
gene1517	22	28	27
gene1518	31	24	30
gene1519	47	37	24
gene1520	25	22	22
gene1521	35	26	25
gene1522	28	28	32
gene1523	37	31	35
gene1524	37	40	21
gene1525	20	37	28
gene1526	38	45	26
gene1527	28	27	33
gene1528	20	36	29
gene1529	34	30	23
gene1530	38	17	32
gene1531	32	30	30
gene1532	29	25	29
gene1533	33	29	32
gene1534	29	36	28
gene1535	33	24	24
gene1536	31	30	29
gene1537	27	23	25
gene1538	31	29	20
gene1539	28	35	36
gene1540	23	34	22
gene1541	25	26	33
gene1542	27	27	25
gene1543	36	43	28
gene1544	30	26	26
gene1545	20	29	24
gene1546	35	36	28
gene1547	28	41	32
gene1548	26	26	33
gene1549	34	30	25
gene1550	30	31	29
gene1551	28	30	27
gene1552	26	30	24
gene1553	38	24	20
gene1554	31	29	31
gene1555	34	29	38
gene1556	27	30	33
gene1557	25	30	32
gene1558	28	24	23
gene1559	29	28	33
gene1560	23	39	30
gene1561	30	28	25
gene1562	28	17	38
gene1563	31	35	36
gene1564	31	29	24
gene1565	27	23	32
gene1566	37	38	32
gene1567	26	32	32
gene1568	32	28	25
gene1569	28	28	27
gene1570	27	19	24
gene1571	35	31	33
gene1572	40	27	30
gene1573	36	32	27
gene1574	29	20	40
gene1575	26	37	31
gene1576	35	36	28
gene1577	30	20	27
gene1578	32	19	20
gene1579	24	35	30
gene1580	43	30	24
gene1581	25	35	28
gene1582	21	26	25
gene1583	26	26	33
gene1584	28	35	27
gene1585	23	38	28
gene1586	29	26	27
gene1587	19	37	40
gene1588	33	30	27
gene1589	34	29	29
gene1590	30	27	36
gene1591	32	31	28
gene1592	43	20	35
gene1593	25	28	30
gene1594	28	45	26
gene1595	35	31	28
gene1596	28	24	31
gene1597	40	35	24
gene1598	38	39	36
gene1599	17	23	28
gene1600	26	28	31
gene1601	36	32	33
gene1602	29	34	30
gene1603	36	25	26
gene1604	19	31	37
gene1605	30	32	30
gene1606	36	35	27
gene1607	27	23	26
gene1608	30	24	26
gene1609	24	37	36
gene1610	37	27	32
gene1611	25	31	28
gene1612	31	26	24
gene1613	26	28	34
gene1614	32	38	29
gene1615	19	29	25
gene1616	35	32	38
gene1617	26	42	19
gene1618	23	28	43
gene1619	35	23	29
gene1620	29	34	30
gene1621	26	29	42
gene1622	31	34	30
gene1623	38	33	21
gene1624	31	37	20
gene1625	29	33	26
gene1626	28	31	33
gene1627	30	26	30
gene1628	25	25	24
gene1629	32	38	42
gene1630	27	27	29
gene1631	25	23	30
gene1632	32	28	32
gene1633	25	29	32
gene1634	28	26	23
gene1635	27	23	33
gene1636	28	19	40
gene1637	40	27	30
gene1638	37	23	32
gene1639	32	35	27
gene1640	42	38	37
gene1641	29	29	30
gene1642	32	28	26
gene1643	24	29	28
gene1644	28	28	25
gene1645	29	32	26
gene1646	28	28	41
gene1647	32	37	21
gene1648	29	32	30
gene1649	28	29	32
gene1650	25	29	32
gene1651	25	33	38
gene1652	36	34	39
gene1653	25	23	33
gene1654	28	26	29
gene1655	28	26	32
gene1656	30	38	31
gene1657	31	30	28
gene1658	35	25	33
gene1659	35	23	27
gene1660	23	24	23
gene1661	23	34	26
gene1662	24	45	29
gene1663	25	43	25
gene1664	34	32	25
gene1665	19	25	25
gene1666	22	24	39
gene1667	30	31	27
gene1668	28	32	28
gene1669	34	22	15
gene1670	24	33	33
gene1671	31	38	39
gene1672	37	23	29
gene1673	37	26	28
gene1674	29	25	32
gene1675	33	38	31
gene1676	24	37	31
gene1677	26	36	30
gene1678	27	29	32
gene1679	38	24	23
gene1680	24	34	27
gene1681	32	22	32
gene1682	34	24	30
gene1683	33	24	26
gene1684	27	27	25
gene1685	25	30	28
gene1686	25	37	27
gene1687	28	32	23
gene1688	31	27	34
gene1689	23	32	38
gene1690	27	29	31
gene1691	29	23	16
gene1692	25	31	29
gene1693	37	30	35
gene1694	28	28	27
gene1695	27	22	25
gene1696	22	29	24
gene1697	30	41	29
gene1698	21	25	36
gene1699	34	32	35
gene1700	34	33	29
gene1701	21	38	31
gene1702	33	27	30
gene1703	23	33	37
gene1704	32	38	38
gene1705	25	24	28
gene1706	28	28	28
gene1707	31	27	33
gene1708	28	31	35
gene1709	30	40	27
gene1710	28	30	20
gene1711	37	29	34
gene1712	31	29	34
gene1713	23	35	25
gene1714	33	24	37
gene1715	27	26	28
gene1716	33	36	27
gene1717	19	25	28
gene1718	40	32	33
gene1719	39	33	30
gene1720	31	25	30
gene1721	36	36	23
gene1722	22	29	29
gene1723	26	35	31
gene1724	21	26	31
gene1725	28	29	34
gene1726	29	26	35
gene1727	29	30	31
gene1728	32	33	33
gene1729	40	29	35
gene1730	35	35	27
gene1731	30	33	25
gene1732	19	33	29
gene1733	32	25	32
gene1734	21	29	20
gene1735	34	25	38
gene1736	27	29	32
gene1737	34	33	38
gene1738	33	41	33
gene1739	21	49	30
gene1740	46	42	27
gene1741	34	20	29
gene1742	25	34	28
gene1743	25	27	29
gene1744	22	30	28
gene1745	30	27	27
gene1746	26	30	30
gene1747	20	31	24
gene1748	25	26	30
gene1749	25	24	34
gene1750	24	32	39
gene1751	27	28	22
gene1752	32	30	42
gene1753	28	32	25
gene1754	28	29	26
gene1755	38	45	36
gene1756	34	37	34
gene1757	34	31	17
gene1758	33	31	37
gene1759	32	34	23
gene1760	30	26	28
gene1761	36	35	21
gene1762	39	32	37
gene1763	22	34	26
gene1764	30	28	33
gene1765	28	26	24
gene1766	25	29	36
gene1767	25	18	29
gene1768	28	30	42
gene1769	21	22	40
gene1770	28	34	31
gene1771	35	28	29
gene1772	30	16	33
gene1773	41	30	22
gene1774	25	24	33
gene1775	19	33	39
gene1776	34	26	32
gene1777	27	39	24
gene1778	23	33	24
gene1779	40	24	25
gene1780	30	17	37
gene1781	23	24	35
gene1782	33	30	34
gene1783	27	31	21
gene1784	34	25	31
gene1785	33	39	33
gene1786	31	22	41
gene1787	24	24	33
gene1788	27	30	27
gene1789	24	34	32
gene1790	30	30	26
gene1791	25	30	27
gene1792	33	22	31
gene1793	29	24	37
gene1794	27	27	21
gene1795	36	22	41
gene1796	44	34	28
gene1797	25	31	35
gene1798	32	35	29
gene1799	41	27	31
gene1800	35	35	37
gene1801	46	33	21
gene1802	26	33	23
gene1803	25	37	22
gene1804	38	30	29
gene1805	20	37	37
gene1806	34	35	24
gene1807	34	35	31
gene1808	27	31	35
gene1809	31	37	27
gene1810	31	31	32
gene1811	27	25	21
gene1812	30	26	20
gene1813	26	29	30
gene1814	27	30	25
gene1815	24	29	27
gene1816	31	39	36
gene1817	17	33	16
gene1818	32	21	33
gene1819	33	39	34
gene1820	32	25	29
gene1821	37	31	31
gene1822	28	23	31
gene1823	26	30	39
gene1824	35	27	31
gene1825	34	32	35
gene1826	31	28	34
gene1827	34	32	21
gene1828	38	31	33
gene1829	25	31	26
gene1830	31	24	23
gene1831	26	35	34
gene1832	27	47	34
gene1833	30	26	34
gene1834	38	29	28
gene1835	27	25	31
gene1836	33	35	36
gene1837	26	23	16
gene1838	26	36	30
gene1839	26	33	29
gene1840	27	35	28
gene1841	37	26	24
gene1842	40	27	23
gene1843	33	22	34
gene1844	27	24	28
gene1845	21	30	26
gene1846	23	25	30
gene1847	22	36	32
gene1848	41	28	31
gene1849	27	27	24
gene1850	29	35	32
gene1851	39	28	35
gene1852	31	27	30
gene1853	20	25	31
gene1854	20	30	33
gene1855	37	31	36
gene1856	25	34	36
gene1857	31	28	25
gene1858	31	26	28
gene1859	34	24	31
gene1860	35	29	32
gene1861	26	36	21
gene1862	28	29	31
gene1863	28	28	29
gene1864	25	30	25
gene1865	28	30	27
gene1866	37	33	29
gene1867	24	26	28
gene1868	36	26	28
gene1869	30	24	31
gene1870	41	28	36
gene1871	27	34	28
gene1872	31	33	28
gene1873	32	29	26
gene1874	30	30	31
gene1875	25	31	28
gene1876	24	27	31
gene1877	36	30	24
gene1878	33	34	35
gene1879	32	22	27
gene1880	36	33	38
gene1881	32	27	32
gene1882	33	40	17
gene1883	35	33	33
gene1884	26	33	28
gene1885	31	25	39
gene1886	49	22	28
gene1887	29	37	31
gene1888	35	30	23
gene1889	29	40	25
gene1890	29	25	34
gene1891	28	31	35
gene1892	30	25	32
gene1893	25	25	28
gene1894	26	26	23
gene1895	32	40	32
gene1896	31	32	25
gene1897	40	28	38
gene1898	30	27	29
gene1899	32	38	26
gene1900	21	32	23
gene1901	43	26	38
gene1902	20	34	31
gene1903	23	30	27
gene1904	33	37	22
gene1905	28	29	31
gene1906	18	29	26
gene1907	29	34	29
gene1908	28	27	37
gene1909	40	33	27
gene1910	39	25	43
gene1911	32	34	27
gene1912	21	22	32
gene1913	30	26	27
gene1914	31	29	34
gene1915	36	29	23
gene1916	38	28	38
gene1917	25	30	39
gene1918	32	34	31
gene1919	19	31	31
gene1920	37	31	24
gene1921	30	31	24
gene1922	24	29	27
gene1923	29	30	32
gene1924	33	35	26
gene1925	30	27	25
gene1926	31	27	23
gene1927	27	27	23
gene1928	37	34	20
gene1929	35	30	25
gene1930	44	37	30
gene1931	27	22	30
gene1932	30	35	27
gene1933	28	36	19
gene1934	35	22	30
gene1935	29	29	23
gene1936	27	41	23
gene1937	24	26	35
gene1938	27	37	33
gene1939	23	36	29
gene1940	27	24	31
gene1941	27	29	39
gene1942	23	31	26
gene1943	35	32	26
gene1944	30	33	29
gene1945	26	32	29
gene1946	29	34	28
gene1947	19	31	27
gene1948	37	42	31
gene1949	29	30	29
gene1950	29	30	23
gene1951	25	31	21
gene1952	24	26	32
gene1953	31	26	26
gene1954	30	27	24
gene1955	23	34	35
gene1956	25	30	34
gene1957	34	33	27
gene1958	31	37	36
gene1959	29	31	36
gene1960	34	27	27
gene1961	19	22	34
gene1962	26	26	34
gene1963	34	38	23
gene1964	29	33	29
gene1965	39	32	34
gene1966	30	34	19
gene1967	23	31	35
gene1968	42	43	30
gene1969	21	22	44
gene1970	36	33	24
gene1971	31	43	22
gene1972	28	18	23
gene1973	34	32	29
gene1974	27	24	37
gene1975	24	33	16
gene1976	36	22	28
gene1977	26	32	16
gene1978	28	24	33
gene1979	37	34	25
gene1980	24	38	35
gene1981	25	31	34
gene1982	34	27	32
gene1983	39	30	33
gene1984	39	37	24
gene1985	23	29	35
gene1986	29	39	35
gene1987	37	34	41
gene1988	29	34	19
gene1989	34	31	19
gene1990	28	34	23
gene1991	34	24	28
gene1992	36	30	34
gene1993	26	44	41
gene1994	24	27	33
gene1995	36	26	26
gene1996	30	30	26
gene1997	20	36	36
gene1998	32	28	27
gene1999	36	32	32
gene2000	24	29	23
