N_unmapped	6708	6481	6551
N_multimapping	15826	15648	15645
N_noFeature	13294	13247	13338
N_ambiguous	4354	4335	4327
gene1	36	39	27
gene2	24	24	28
gene3	27	29	32
gene4	32	29	31
gene5	30	35	25
gene6	26	36	29
gene7	27	32	27
gene8	29	21	30
gene9	35	27	25
gene10	26	32	28
gene11	25	44	42
gene12	30	34	24
gene13	29	29	30
gene14	31	40	28
gene15	32	33	31
gene16	29	28	37
gene17	30	27	24
gene18	28	32	39
gene19	37	31	33
gene20	29	37	38
gene21	27	31	31
gene22	23	39	33
gene23	31	34	37
gene24	26	37	23
gene25	19	28	28
gene26	27	38	25
gene27	28	38	27
gene28	31	28	28
gene29	23	32	30
gene30	21	32	23
gene31	30	35	50
gene32	24	34	27
gene33	27	32	25
gene34	30	28	42
gene35	27	29	28
gene36	28	28	33
gene37	39	25	30
gene38	32	19	29
gene39	23	26	32
gene40	28	22	25
gene41	32	34	29
gene42	29	34	26
gene43	28	34	42
gene44	30	28	27
gene45	27	30	27
gene46	24	33	24
gene47	32	28	18
gene48	27	38	24
gene49	24	25	43
gene50	28	25	33
gene51	31	32	30
gene52	24	21	26
gene53	29	29	30
gene54	29	34	29
gene55	32	39	30
gene56	28	27	22
gene57	30	30	36
gene58	31	30	28
gene59	27	34	32
gene60	27	23	13
gene61	27	25	36
gene62	28	36	32
gene63	25	37	33
gene64	29	33	29
gene65	24	33	34
gene66	30	34	35
gene67	30	40	27
gene68	29	25	21
gene69	37	32	29
gene70	24	23	24
gene71	36	34	19
gene72	30	32	31
gene73	24	26	32
gene74	28	35	28
gene75	39	35	27
gene76	31	32	27
gene77	32	35	23
gene78	27	45	24
gene79	36	36	24
gene80	32	34	40
gene81	37	29	28
gene82	41	29	30
gene83	41	40	35
gene84	29	21	27
gene85	26	28	41
gene86	37	32	20
gene87	26	40	27
gene88	29	34	34
gene89	33	20	29
gene90	28	30	33
gene91	29	42	25
gene92	21	23	34
gene93	25	33	28
gene94	23	32	35
gene95	29	27	32
gene96	40	31	27
gene97	34	25	27
gene98	43	34	27
gene99	23	22	31
gene100	28	29	45
gene101	25	39	44
gene102	28	26	21
gene103	29	31	33
gene104	23	37	24
gene105	32	27	33
gene106	35	33	40
gene107	21	28	26
gene108	30	22	35
gene109	27	31	29
gene110	28	25	25
gene111	36	34	24
gene112	23	30	35
gene113	30	35	31
gene114	35	38	23
gene115	26	35	22
gene116	31	25	23
gene117	37	40	33
gene118	32	22	33
gene119	28	35	39
gene120	30	26	27
gene121	30	31	22
gene122	36	29	34
gene123	24	30	34
gene124	29	25	35
gene125	21	22	33
gene126	32	23	27
gene127	26	25	29
gene128	32	29	23
gene129	30	29	21
gene130	27	31	24
gene131	22	30	20
gene132	27	24	34
gene133	34	23	36
gene134	20	29	24
gene135	29	32	26
gene136	37	42	35
gene137	37	28	31
gene138	24	26	43
gene139	35	25	36
gene140	24	27	34
gene141	34	37	26
gene142	28	23	27
gene143	27	43	33
gene144	27	27	35
gene145	22	37	33
gene146	35	31	32
gene147	19	29	36
gene148	30	30	37
gene149	28	40	27
gene150	33	37	32
gene151	32	29	28
gene152	27	47	29
gene153	24	25	36
gene154	21	26	25
gene155	34	19	46
gene156	35	21	33
gene157	43	34	32
gene158	25	27	34
gene159	32	24	38
gene160	36	29	28
gene161	26	23	25
gene162	31	36	37
gene163	36	37	39
gene164	23	25	31
gene165	29	29	23
gene166	30	27	32
gene167	27	37	28
gene168	27	31	27
gene169	27	31	27
gene170	27	31	27
gene171	24	36	28
gene172	24	34	37
gene173	31	28	33
gene174	29	27	29
gene175	39	27	39
gene176	35	27	25
gene177	21	23	29
gene178	29	22	21
gene179	47	41	38
gene180	25	21	33
gene181	25	28	33
gene182	28	31	32
gene183	26	26	36
gene184	28	21	33
gene185	24	32	26
gene186	30	29	25
gene187	34	31	28
gene188	23	23	26
gene189	25	24	27
gene190	30	34	20
gene191	25	27	32
gene192	25	26	32
gene193	29	30	24
gene194	36	38	27
gene195	31	21	30
gene196	29	37	26
gene197	22	35	32
gene198	28	27	26
gene199	27	29	35
gene200	22	26	28
gene201	28	13	38
gene202	30	27	28
gene203	34	34	36
gene204	23	32	32
gene205	32	29	34
gene206	38	29	25
gene207	26	38	36
gene208	30	30	33
gene209	32	36	26
gene210	32	23	29
gene211	30	21	18
gene212	33	23	33
gene213	30	32	28
gene214	28	33	39
gene215	44	36	28
gene216	28	35	27
gene217	40	34	39
gene218	30	30	40
gene219	50	28	34
gene220	37	23	29
gene221	27	33	37
gene222	31	26	32
gene223	31	34	29
gene224	38	38	22
gene225	22	21	41
gene226	27	24	34
gene227	23	21	26
gene228	38	32	30
gene229	30	30	23
gene230	30	27	29
gene231	32	38	29
gene232	29	26	30
gene233	39	20	33
gene234	28	28	37
gene235	35	33	24
gene236	25	24	39
gene237	37	33	29
gene238	25	25	33
gene239	29	31	32
gene240	31	31	20
gene241	40	29	26
gene242	24	28	31
gene243	26	29	22
gene244	32	29	29
gene245	20	39	26
gene246	22	30	29
gene247	41	31	22
gene248	29	25	25
gene249	19	30	34
gene250	31	35	26
gene251	35	31	25
gene252	21	38	35
gene253	21	34	25
gene254	28	21	21
gene255	40	34	28
gene256	29	29	29
gene257	26	31	31
gene258	29	41	37
gene259	23	39	28
gene260	27	26	33
gene261	32	24	31
gene262	42	29	40
gene263	27	30	27
gene264	34	31	25
gene265	28	32	32
gene266	36	35	28
gene267	27	26	37
gene268	38	34	31
gene269	31	26	43
gene270	31	27	34
gene271	33	33	29
gene272	22	26	30
gene273	25	30	31
gene274	29	27	24
gene275	23	31	35
gene276	30	38	28
gene277	39	26	25
gene278	31	25	18
gene279	23	28	38
gene280	17	25	34
gene281	41	26	32
gene282	26	31	36
gene283	27	32	29
gene284	25	24	22
gene285	31	29	26
gene286	34	23	34
gene287	29	32	47
gene288	41	41	27
gene289	32	26	22
gene290	38	25	27
gene291	31	30	29
gene292	34	26	25
gene293	24	30	21
gene294	29	32	28
gene295	32	33	29
gene296	36	35	33
gene297	28	24	35
gene298	38	40	30
gene299	33	24	35
gene300	22	24	32
gene301	27	28	36
gene302	34	31	26
gene303	30	37	27
gene304	34	29	29
gene305	42	20	27
gene306	29	28	22
gene307	28	32	34
gene308	25	36	34
gene309	26	29	39
gene310	35	16	23
gene311	31	32	30
gene312	29	42	26
gene313	29	36	25
gene314	34	25	19
gene315	25	32	31
gene316	22	37	38
gene317	26	33	35
gene318	41	36	25
gene319	38	36	37
gene320	25	28	29
gene321	37	28	25
gene322	29	26	37
gene323	30	32	28
gene324	26	30	29
gene325	26	34	25
gene326	47	33	28
gene327	36	29	27
gene328	25	23	34
gene329	30	34	28
gene330	25	44	24
gene331	29	38	37
gene332	27	25	35
gene333	34	27	27
gene334	23	40	32
gene335	34	20	25
gene336	32	36	34
gene337	30	35	18
gene338	27	28	25
gene339	34	34	34
gene340	24	32	24
gene341	30	22	32
gene342	35	18	34
gene343	27	31	28
gene344	29	34	35
gene345	39	28	32
gene346	18	31	29
gene347	20	31	31
gene348	23	31	27
gene349	30	32	27
gene350	36	36	25
gene351	27	38	34
gene352	37	27	33
gene353	27	28	31
gene354	32	29	34
gene355	30	27	36
gene356	38	34	40
gene357	25	31	23
gene358	28	31	39
gene359	33	28	38
gene360	31	33	29
gene361	25	34	34
gene362	32	24	38
gene363	37	29	27
gene364	29	23	32
gene365	27	36	34
gene366	23	24	42
gene367	36	34	43
gene368	22	26	36
gene369	31	33	45
gene370	20	25	34
gene371	16	26	27
gene372	26	32	26
gene373	38	33	23
gene374	37	35	24
gene375	39	30	28
gene376	32	29	35
gene377	28	36	26
gene378	22	33	23
gene379	37	33	32
gene380	31	38	35
gene381	34	31	27
gene382	21	24	26
gene383	35	26	25
gene384	21	33	28
gene385	21	32	33
gene386	21	27	21
gene387	22	36	31
gene388	33	30	21
gene389	23	38	31
gene390	32	36	33
gene391	35	30	31
gene392	29	21	17
gene393	32	24	27
gene394	37	32	41
gene395	40	26	33
gene396	32	28	31
gene397	24	30	19
gene398	24	34	26
gene399	24	34	31
gene400	38	30	26
gene401	33	29	24
gene402	32	33	33
gene403	24	44	27
gene404	26	26	27
gene405	29	28	32
gene406	29	32	32
gene407	29	27	41
gene408	31	39	20
gene409	35	28	35
gene410	21	31	33
gene411	25	26	31
gene412	28	24	28
gene413	31	24	39
gene414	37	27	24
gene415	34	32	36
gene416	29	30	35
gene417	32	17	26
gene418	25	23	30
gene419	38	39	36
gene420	22	34	32
gene421	30	26	46
gene422	30	23	25
gene423	28	26	35
gene424	25	39	33
gene425	31	24	29
gene426	30	26	23
gene427	25	25	28
gene428	24	36	33
gene429	34	30	39
gene430	39	22	30
gene431	43	24	38
gene432	39	35	38
gene433	34	32	35
gene434	24	39	31
gene435	36	29	44
gene436	25	42	32
gene437	29	29	28
gene438	28	37	38
gene439	32	29	23
gene440	31	27	27
gene441	31	31	29
gene442	31	26	33
gene443	29	25	34
gene444	21	40	32
gene445	36	28	32
gene446	28	33	17
gene447	38	27	35
gene448	34	37	30
gene449	31	31	33
gene450	35	34	28
gene451	29	24	29
gene452	39	22	26
gene453	24	26	41
gene454	32	23	29
gene455	30	30	37
gene456	26	31	30
gene457	37	36	36
gene458	30	45	27
gene459	33	33	26
gene460	31	26	35
gene461	21	27	32
gene462	33	26	32
gene463	28	37	33
gene464	35	24	26
gene465	36	32	27
gene466	33	40	31
gene467	31	29	27
gene468	20	32	37
gene469	31	22	38
gene470	36	38	33
gene471	38	32	32
gene472	37	27	39
gene473	31	24	49
gene474	37	31	33
gene475	19	34	42
gene476	24	28	29
gene477	25	45	27
gene478	27	31	36
gene479	31	28	39
gene480	30	36	31
gene481	29	30	25
gene482	24	39	29
gene483	36	28	24
gene484	22	33	32
gene485	34	35	30
gene486	39	38	27
gene487	31	32	25
gene488	27	35	38
gene489	36	25	25
gene490	33	31	26
gene491	33	43	31
gene492	34	30	39
gene493	25	33	31
gene494	29	31	19
gene495	24	34	39
gene496	30	33	37
gene497	30	33	27
gene498	18	30	30
gene499	35	30	28
gene500	32	31	29
gene501	29	30	33
gene502	37	20	23
gene503	26	31	26
gene504	29	39	30
gene505	27	29	27
gene506	31	32	25
gene507	28	26	40
gene508	25	29	33
gene509	21	31	30
gene510	36	36	25
gene511	27	24	23
gene512	33	28	37
gene513	31	37	34
gene514	25	21	25
gene515	33	26	36
gene516	31	24	26
gene517	39	31	33
gene518	27	29	35
gene519	38	27	33
gene520	36	27	37
gene521	27	23	36
gene522	25	25	26
gene523	29	35	23
gene524	30	33	19
gene525	32	32	32
gene526	33	32	22
gene527	20	24	36
gene528	33	25	30
gene529	31	31	27
gene530	26	35	47
gene531	32	26	30
gene532	39	31	22
gene533	33	30	32
gene534	37	29	25
gene535	35	26	23
gene536	40	28	26
gene537	23	25	25
gene538	23	30	31
gene539	31	26	21
gene540	29	31	26
gene541	23	32	23
gene542	28	33	38
gene543	27	32	35
gene544	24	23	22
gene545	28	27	43
gene546	21	26	29
gene547	32	32	36
gene548	28	35	25
gene549	32	38	35
gene550	25	26	37
gene551	35	22	32
gene552	24	31	29
gene553	35	37	23
gene554	30	39	31
gene555	31	33	21
gene556	25	28	33
gene557	29	17	31
gene558	22	22	36
gene559	34	42	32
gene560	29	33	29
gene561	28	36	29
gene562	28	24	40
gene563	39	22	21
gene564	36	29	22
gene565	39	30	37
gene566	26	29	34
gene567	29	30	36
gene568	27	18	31
gene569	43	37	34
gene570	34	30	30
gene571	24	34	25
gene572	23	27	28
gene573	30	23	39
gene574	36	29	39
gene575	39	31	21
gene576	33	30	29
gene577	27	31	30
gene578	29	28	32
gene579	36	23	29
gene580	36	26	33
gene581	24	32	36
gene582	35	36	30
gene583	22	35	27
gene584	30	28	38
gene585	36	25	26
gene586	32	31	39
gene587	20	27	29
gene588	29	25	32
gene589	30	41	38
gene590	24	36	36
gene591	25	28	26
gene592	24	27	28
gene593	29	38	37
gene594	34	35	30
gene595	32	31	29
gene596	36	29	26
gene597	30	25	28
gene598	35	25	28
gene599	17	31	31
gene600	24	39	20
gene601	22	40	31
gene602	29	26	25
gene603	28	35	33
gene604	27	23	44
gene605	26	30	40
gene606	31	26	30
gene607	28	28	29
gene608	24	25	35
gene609	33	38	35
gene610	35	29	20
gene611	26	31	34
gene612	37	27	30
gene613	34	29	31
gene614	32	32	45
gene615	36	32	21
gene616	24	34	22
gene617	32	24	40
gene618	34	32	31
gene619	31	41	34
gene620	28	33	27
gene621	28	22	27
gene622	38	21	31
gene623	49	20	29
gene624	29	28	27
gene625	25	39	36
gene626	21	27	31
gene627	30	32	19
gene628	32	29	24
gene629	31	36	25
gene630	33	28	25
gene631	35	30	28
gene632	32	16	25
gene633	38	37	29
gene634	24	32	23
gene635	30	42	24
gene636	17	33	26
gene637	32	29	32
gene638	26	25	28
gene639	20	18	28
gene640	26	30	29
gene641	50	32	17
gene642	33	28	34
gene643	33	23	32
gene644	26	34	24
gene645	33	27	38
gene646	20	29	18
gene647	43	22	33
gene648	27	32	29
gene649	31	27	30
gene650	32	36	35
gene651	22	29	35
gene652	31	29	21
gene653	29	43	25
gene654	37	26	31
gene655	31	33	38
gene656	34	36	43
gene657	23	36	27
gene658	35	20	30
gene659	25	34	33
gene660	29	34	30
gene661	24	34	28
gene662	31	23	26
gene663	31	32	31
gene664	37	35	29
gene665	29	26	27
gene666	32	25	30
gene667	41	26	37
gene668	37	31	40
gene669	30	29	31
gene670	33	23	26
gene671	28	34	33
gene672	21	26	25
gene673	36	30	27
gene674	30	47	22
gene675	28	34	30
gene676	23	23	28
gene677	35	44	35
gene678	33	22	32
gene679	30	37	28
gene680	22	38	21
gene681	37	29	27
gene682	25	40	39
gene683	25	26	37
gene684	31	35	29
gene685	31	34	24
gene686	33	40	30
gene687	25	26	22
gene688	26	28	30
gene689	34	19	34
gene690	26	26	36
gene691	25	30	32
gene692	26	36	33
gene693	34	30	26
gene694	29	38	25
gene695	38	31	29
gene696	32	32	31
gene697	27	30	33
gene698	30	36	42
gene699	35	28	29
gene700	29	37	38
gene701	38	33	26
gene702	27	32	34
gene703	36	38	34
gene704	33	26	33
gene705	37	35	24
gene706	34	25	24
gene707	33	25	37
gene708	36	31	27
gene709	27	33	29
gene710	24	25	35
gene711	20	27	31
gene712	30	35	34
gene713	37	30	35
gene714	28	22	24
gene715	32	27	33
gene716	26	28	29
gene717	32	30	35
gene718	26	37	38
gene719	25	25	27
gene720	29	26	34
gene721	26	32	33
gene722	36	34	35
gene723	24	37	27
gene724	30	29	24
gene725	35	25	33
gene726	39	25	28
gene727	25	28	24
gene728	23	25	30
gene729	31	21	32
gene730	21	29	24
gene731	26	25	39
gene732	38	38	34
gene733	25	22	29
gene734	35	25	31
gene735	28	39	32
gene736	25	24	34
gene737	33	26	47
gene738	32	35	29
gene739	27	29	35
gene740	28	31	29
gene741	25	24	34
gene742	22	27	34
gene743	23	41	37
gene744	31	42	21
gene745	33	31	24
gene746	41	24	33
gene747	33	38	31
gene748	32	19	30
gene749	26	20	39
gene750	27	31	28
gene751	23	35	21
gene752	27	28	28
gene753	20	34	36
gene754	29	40	28
gene755	32	15	31
gene756	33	27	33
gene757	21	40	21
gene758	29	36	30
gene759	35	26	26
gene760	18	30	29
gene761	39	24	22
gene762	15	24	22
gene763	28	31	34
gene764	31	28	25
gene765	33	41	32
gene766	25	28	25
gene767	31	27	41
gene768	24	23	32
gene769	30	30	28
gene770	29	23	27
gene771	29	33	27
gene772	33	34	37
gene773	21	29	24
gene774	44	29	34
gene775	28	33	36
gene776	26	41	34
gene777	31	31	37
gene778	40	34	19
gene779	27	41	37
gene780	32	42	31
gene781	30	35	40
gene782	35	35	27
gene783	41	26	36
gene784	32	28	29
gene785	41	28	36
gene786	29	33	35
gene787	28	22	32
gene788	29	45	21
gene789	32	25	28
gene790	35	25	25
gene791	28	25	35
gene792	21	28	25
gene793	31	30	33
gene794	38	28	25
gene795	18	33	26
gene796	30	33	25
gene797	28	26	26
gene798	27	26	24
gene799	18	29	29
gene800	34	32	39
gene801	31	39	40
gene802	31	31	27
gene803	22	31	32
gene804	31	30	35
gene805	29	32	23
gene806	18	44	27
gene807	30	41	37
gene808	31	42	31
gene809	33	30	23
gene810	36	24	29
gene811	43	30	24
gene812	24	28	25
gene813	31	22	31
gene814	35	27	31
gene815	28	32	29
gene816	31	26	34
gene817	31	28	20
gene818	29	41	29
gene819	30	32	30
gene820	27	27	26
gene821	41	36	34
gene822	44	29	31
gene823	31	33	29
gene824	28	33	26
gene825	28	35	30
gene826	28	29	19
gene827	39	26	31
gene828	25	26	29
gene829	33	36	34
gene830	30	24	32
gene831	26	38	31
gene832	36	31	30
gene833	33	32	36
gene834	31	31	32
gene835	26	33	33
gene836	23	28	23
gene837	30	34	34
gene838	19	22	21
gene839	33	26	32
gene840	28	25	28
gene841	21	28	32
gene842	33	21	26
gene843	27	31	32
gene844	36	25	42
gene845	26	30	15
gene846	29	33	29
gene847	28	36	32
gene848	32	33	39
gene849	22	31	30
gene850	35	17	42
gene851	26	40	39
gene852	32	28	31
gene853	28	32	38
gene854	33	30	21
gene855	25	26	28
gene856	28	24	23
gene857	28	32	41
gene858	24	22	27
gene859	18	19	29
gene860	35	35	34
gene861	26	24	32
gene862	34	21	24
gene863	32	26	32
gene864	33	34	31
gene865	28	27	27
gene866	27	29	25
gene867	38	28	22
gene868	27	24	27
gene869	33	27	35
gene870	28	33	33
gene871	37	33	42
gene872	32	39	32
gene873	39	26	40
gene874	39	33	24
gene875	30	26	22
gene876	29	25	33
gene877	29	36	24
gene878	19	28	29
gene879	27	25	19
gene880	32	24	24
gene881	32	41	42
gene882	33	33	27
gene883	29	38	40
gene884	21	31	29
gene885	33	41	23
gene886	30	24	29
gene887	24	37	35
gene888	33	26	32
gene889	34	21	31
gene890	31	31	26
gene891	33	31	24
gene892	19	25	30
gene893	34	32	27
gene894	36	20	33
gene895	32	22	26
gene896	30	28	34
gene897	26	37	33
gene898	22	31	26
gene899	35	30	31
gene900	30	22	29
gene901	26	28	29
gene902	29	22	22
gene903	22	28	21
gene904	21	33	29
gene905	30	29	37
gene906	41	29	34
gene907	34	19	21
gene908	29	41	27
gene909	43	35	31
gene910	36	31	34
gene911	26	29	34
gene912	25	31	32
gene913	32	27	20
gene914	23	24	34
gene915	21	32	35
gene916	27	29	34
gene917	27	21	36
gene918	30	34	26
gene919	26	25	31
gene920	29	30	31
gene921	32	30	35
gene922	20	34	28
gene923	29	38	26
gene924	29	39	30
gene925	36	23	28
gene926	41	26	29
gene927	27	25	33
gene928	41	27	39
gene929	20	30	29
gene930	26	31	24
gene931	27	26	31
gene932	37	34	37
gene933	23	28	27
gene934	38	25	43
gene935	36	34	28
gene936	26	34	32
gene937	25	29	29
gene938	31	39	20
gene939	30	38	31
gene940	24	33	32
gene941	34	25	21
gene942	19	26	31
gene943	34	17	39
gene944	38	34	34
gene945	42	26	33
gene946	28	36	27
gene947	27	36	34
gene948	28	17	35
gene949	28	23	26
gene950	24	27	33
gene951	36	24	27
gene952	27	34	24
gene953	32	41	32
gene954	37	39	42
gene955	36	30	24
gene956	25	41	26
gene957	40	29	34
gene958	30	27	32
gene959	31	24	30
gene960	35	29	30
gene961	33	31	31
gene962	33	28	22
gene963	28	27	38
gene964	30	23	31
gene965	35	29	37
gene966	35	29	29
gene967	29	25	32
gene968	23	27	28
gene969	33	33	27
gene970	32	40	42
gene971	26	31	24
gene972	25	34	39
gene973	28	35	24
gene974	24	25	30
gene975	30	31	36
gene976	33	37	30
gene977	21	20	31
gene978	35	34	36
gene979	24	39	27
gene980	32	30	40
gene981	32	24	29
gene982	29	32	35
gene983	36	27	25
gene984	37	29	20
gene985	25	34	29
gene986	29	16	29
gene987	25	34	29
gene988	32	22	24
gene989	26	38	30
gene990	33	39	37
gene991	37	28	32
gene992	27	37	37
gene993	31	30	32
gene994	37	32	34
gene995	22	31	42
gene996	27	27	29
gene997	38	30	35
gene998	32	42	35
gene999	33	29	30
gene1000	34	23	28
gene1001	40	31	30
gene1002	31	31	27
gene1003	27	35	27
gene1004	22	29	30
gene1005	26	35	30
gene1006	34	33	20
gene1007	29	28	30
gene1008	16	31	33
gene1009	20	32	23
gene1010	30	22	31
gene1011	29	29	35
gene1012	31	32	29
gene1013	30	19	29
gene1014	22	32	41
gene1015	28	25	35
gene1016	30	41	28
gene1017	27	29	22
gene1018	29	33	33
gene1019	30	26	29
gene1020	30	43	20
gene1021	35	31	31
gene1022	25	29	25
gene1023	33	30	25
gene1024	24	35	37
gene1025	25	31	40
gene1026	32	36	30
gene1027	26	29	28
gene1028	30	33	31
gene1029	29	31	29
gene1030	29	28	29
gene1031	17	33	20
gene1032	40	25	30
gene1033	31	39	26
gene1034	31	23	28
gene1035	31	40	33
gene1036	31	18	24
gene1037	27	29	22
gene1038	26	26	36
gene1039	28	26	26
gene1040	38	32	28
gene1041	35	33	35
gene1042	32	16	43
gene1043	28	31	26
gene1044	21	19	30
gene1045	31	29	31
gene1046	22	31	28
gene1047	26	38	23
gene1048	36	32	24
gene1049	41	37	22
gene1050	33	24	34
gene1051	27	24	34
gene1052	47	27	28
gene1053	30	24	39
gene1054	22	31	30
gene1055	33	26	40
gene1056	28	26	36
gene1057	22	27	24
gene1058	23	33	36
gene1059	34	21	34
gene1060	27	29	38
gene1061	27	29	21
gene1062	24	41	26
gene1063	31	36	36
gene1064	31	31	23
gene1065	30	32	31
gene1066	32	36	27
gene1067	29	32	35
gene1068	33	29	38
gene1069	28	40	37
gene1070	28	28	30
gene1071	40	29	34
gene1072	23	44	32
gene1073	26	36	31
gene1074	24	30	30
gene1075	19	35	29
gene1076	30	37	27
gene1077	24	33	32
gene1078	36	29	26
gene1079	35	39	25
gene1080	32	29	33
gene1081	37	30	29
gene1082	35	27	28
gene1083	41	31	33
gene1084	29	28	35
gene1085	21	34	44
gene1086	36	29	31
gene1087	39	35	28
gene1088	43	31	26
gene1089	35	24	37
gene1090	28	33	25
gene1091	28	30	27
gene1092	32	39	22
gene1093	28	26	24
gene1094	39	26	28
gene1095	26	26	24
gene1096	26	21	27
gene1097	32	23	31
gene1098	27	31	24
gene1099	44	23	34
gene1100	25	39	33
gene1101	28	33	26
gene1102	32	27	20
gene1103	37	27	37
gene1104	26	30	29
gene1105	26	27	30
gene1106	28	24	31
gene1107	18	33	25
gene1108	30	27	32
gene1109	29	27	30
gene1110	31	17	28
gene1111	31	40	35
gene1112	38	37	32
gene1113	37	37	25
gene1114	28	25	25
gene1115	35	24	24
gene1116	31	30	37
gene1117	26	40	40
gene1118	39	29	32
gene1119	29	34	31
gene1120	28	35	24
gene1121	26	29	48
gene1122	26	34	31
gene1123	25	34	45
gene1124	31	40	32
gene1125	25	29	34
gene1126	35	41	32
gene1127	23	32	30
gene1128	22	28	34
gene1129	24	29	37
gene1130	24	29	32
gene1131	30	30	21
gene1132	35	32	31
gene1133	26	38	32
gene1134	31	31	25
gene1135	37	27	27
gene1136	36	28	29
gene1137	19	17	34
gene1138	30	33	21
gene1139	33	32	35
gene1140	30	29	20
gene1141	40	31	35
gene1142	42	27	22
gene1143	27	25	24
gene1144	29	34	36
gene1145	32	30	34
gene1146	33	24	30
gene1147	19	29	42
gene1148	34	41	32
gene1149	42	25	26
gene1150	35	22	25
gene1151	29	30	28
gene1152	34	27	23
gene1153	23	43	37
gene1154	23	25	27
gene1155	33	32	34
gene1156	24	27	24
gene1157	31	33	37
gene1158	29	36	26
gene1159	40	29	29
gene1160	25	19	31
gene1161	32	31	23
gene1162	30	29	37
gene1163	34	33	26
gene1164	28	32	35
gene1165	30	31	36
gene1166	34	36	32
gene1167	42	36	36
gene1168	24	31	34
gene1169	27	29	31
gene1170	31	28	31
gene1171	27	37	26
gene1172	26	33	34
gene1173	28	42	37
gene1174	23	39	28
gene1175	35	34	29
gene1176	38	37	31
gene1177	36	27	27
gene1178	29	26	31
gene1179	28	27	35
gene1180	24	22	22
gene1181	32	24	31
gene1182	30	35	38
gene1183	41	23	25
gene1184	42	29	19
gene1185	41	24	31
gene1186	32	32	20
gene1187	45	34	30
gene1188	32	37	40
gene1189	30	22	28
gene1190	25	27	30
gene1191	39	26	34
gene1192	27	31	25
gene1193	28	42	22
gene1194	27	31	32
gene1195	26	33	32
gene1196	27	38	19
gene1197	34	30	35
gene1198	27	26	32
gene1199	30	21	35
gene1200	38	29	32
gene1201	26	26	25
gene1202	30	26	36
gene1203	30	25	30
gene1204	30	27	27
gene1205	24	21	30
gene1206	36	32	37
gene1207	30	32	16
gene1208	20	29	22
gene1209	31	41	40
gene1210	29	23	30
gene1211	38	34	24
gene1212	28	27	29
gene1213	35	33	20
gene1214	25	32	34
gene1215	31	24	22
gene1216	31	24	32
gene1217	40	33	39
gene1218	28	29	28
gene1219	27	29	28
gene1220	29	26	33
gene1221	29	26	36
gene1222	23	28	33
gene1223	25	42	39
gene1224	27	29	30
gene1225	32	24	35
gene1226	27	26	24
gene1227	24	30	36
gene1228	31	24	28
gene1229	32	32	26
gene1230	25	30	33
gene1231	28	30	35
gene1232	33	31	32
gene1233	31	32	38
gene1234	31	38	36
gene1235	18	27	33
gene1236	27	30	32
gene1237	37	39	21
gene1238	21	32	29
gene1239	26	31	37
gene1240	21	23	29
gene1241	27	30	19
gene1242	29	24	29
gene1243	25	32	33
gene1244	33	40	28
gene1245	32	23	24
gene1246	28	37	27
gene1247	30	36	35
gene1248	36	29	24
gene1249	25	31	30
gene1250	27	41	30
gene1251	29	38	28
gene1252	34	28	31
gene1253	28	32	30
gene1254	15	27	30
gene1255	36	28	31
gene1256	38	25	32
gene1257	36	27	31
gene1258	37	24	30
gene1259	35	34	26
gene1260	32	21	31
gene1261	32	31	33
gene1262	31	42	24
gene1263	28	44	38
gene1264	24	29	43
gene1265	19	36	24
gene1266	23	35	22
gene1267	28	30	33
gene1268	26	33	31
gene1269	30	20	43
gene1270	32	37	28
gene1271	34	26	46
gene1272	28	30	18
gene1273	28	24	28
gene1274	36	32	28
gene1275	25	29	32
gene1276	30	28	25
gene1277	29	26	44
gene1278	26	20	26
gene1279	30	40	23
gene1280	31	33	31
gene1281	29	18	29
gene1282	34	26	28
gene1283	38	34	20
gene1284	27	34	31
gene1285	24	29	34
gene1286	26	24	31
gene1287	25	41	29
gene1288	33	23	25
gene1289	32	37	27
gene1290	42	25	36
gene1291	31	24	35
gene1292	37	28	20
gene1293	21	28	28
gene1294	21	34	30
gene1295	21	27	28
gene1296	35	22	31
gene1297	29	20	31
gene1298	35	27	21
gene1299	18	31	23
gene1300	32	44	28
gene1301	30	28	18
gene1302	34	21	26
gene1303	37	34	25
gene1304	32	28	37
gene1305	36	35	19
gene1306	24	31	23
gene1307	26	33	27
gene1308	31	30	34
gene1309	39	28	30
gene1310	37	34	29
gene1311	19	43	37
gene1312	24	26	37
gene1313	33	20	33
gene1314	29	26	46
gene1315	28	43	33
gene1316	21	25	27
gene1317	26	30	38
gene1318	28	28	35
gene1319	36	26	28
gene1320	24	25	31
gene1321	33	23	44
gene1322	27	28	32
gene1323	28	32	27
gene1324	38	24	34
gene1325	26	28	43
gene1326	29	33	28
gene1327	32	25	22
gene1328	25	21	23
gene1329	30	34	23
gene1330	32	24	39
gene1331	19	31	26
gene1332	28	29	24
gene1333	28	29	24
gene1334	36	30	25
gene1335	25	25	35
gene1336	29	26	35
gene1337	34	32	26
gene1338	29	21	34
gene1339	32	27	29
gene1340	41	25	25
gene1341	35	29	25
gene1342	24	47	36
gene1343	33	28	26
gene1344	34	31	39
gene1345	32	28	35
gene1346	33	30	35
gene1347	34	28	28
gene1348	31	23	31
gene1349	30	31	25
gene1350	27	33	29
gene1351	30	29	31
gene1352	22	38	36
gene1353	29	32	29
gene1354	27	23	38
gene1355	25	27	36
gene1356	20	25	25
gene1357	29	26	20
gene1358	37	38	31
gene1359	29	40	32
gene1360	36	20	30
gene1361	38	24	33
gene1362	30	33	17
gene1363	25	30	34
gene1364	33	36	33
gene1365	35	28	28
gene1366	20	24	24
gene1367	24	37	26
gene1368	43	26	33
gene1369	26	24	30
gene1370	22	33	28
gene1371	36	25	27
gene1372	32	25	25
gene1373	30	31	33
gene1374	27	32	32
gene1375	34	28	24
gene1376	33	35	28
gene1377	32	25	25
gene1378	27	26	37
gene1379	32	30	26
gene1380	36	26	31
gene1381	33	39	20
gene1382	27	30	29
gene1383	25	28	34
gene1384	34	31	30
gene1385	24	30	29
gene1386	29	34	33
gene1387	27	36	31
gene1388	30	24	37
gene1389	32	28	37
gene1390	33	26	36
gene1391	26	22	25
gene1392	29	32	33
gene1393	30	33	34
gene1394	28	30	28
gene1395	27	31	30
gene1396	36	29	26
gene1397	33	30	37
gene1398	32	25	38
gene1399	39	25	25
gene1400	28	26	38
gene1401	31	42	23
gene1402	35	35	35
gene1403	28	28	34
gene1404	32	29	27
gene1405	38	38	32
gene1406	34	35	32
gene1407	35	29	26
gene1408	27	27	21
gene1409	37	28	29
gene1410	31	30	32
gene1411	36	39	35
gene1412	33	23	22
gene1413	36	35	27
gene1414	30	37	30
gene1415	32	28	25
gene1416	33	26	36
gene1417	29	30	39
gene1418	23	23	25
gene1419	30	35	27
gene1420	33	33	35
gene1421	24	21	30
gene1422	26	35	26
gene1423	33	35	30
gene1424	37	39	28
gene1425	22	39	25
gene1426	40	33	30
gene1427	30	26	34
gene1428	32	32	27
gene1429	31	38	23
gene1430	30	27	33
gene1431	37	24	26
gene1432	28	30	35
gene1433	20	29	25
gene1434	48	27	25
gene1435	36	31	27
gene1436	42	24	29
gene1437	33	29	22
gene1438	23	30	30
gene1439	28	25	29
gene1440	30	35	25
gene1441	30	28	34
gene1442	30	37	23
gene1443	22	40	31
gene1444	33	36	29
gene1445	20	25	30
gene1446	27	26	31
gene1447	23	34	31
gene1448	33	27	27
gene1449	30	38	31
gene1450	24	30	22
gene1451	32	29	28
gene1452	40	27	24
gene1453	31	27	31
gene1454	35	36	18
gene1455	26	37	21
gene1456	34	38	29
gene1457	26	23	32
gene1458	25	40	41
gene1459	23	35	40
gene1460	28	37	22
gene1461	30	31	22
gene1462	38	24	27
gene1463	24	30	27
gene1464	29	29	22
gene1465	34	22	31
gene1466	31	45	32
gene1467	34	25	31
gene1468	39	37	26
gene1469	29	32	31
gene1470	34	25	27
gene1471	31	37	30
gene1472	32	33	30
gene1473	35	28	35
gene1474	25	29	30
gene1475	38	37	26
gene1476	36	32	23
gene1477	30	27	23
gene1478	32	30	38
gene1479	27	28	33
gene1480	31	38	35
gene1481	35	30	27
gene1482	30	28	29
gene1483	33	30	33
gene1484	33	30	39
gene1485	34	27	23
gene1486	34	35	23
gene1487	38	36	24
gene1488	30	27	28
gene1489	26	29	23
gene1490	19	40	41
gene1491	27	28	33
gene1492	36	23	20
gene1493	26	34	25
gene1494	25	36	23
gene1495	30	41	21
gene1496	30	29	28
gene1497	17	24	32
gene1498	29	30	30
gene1499	37	37	30
gene1500	33	31	24
gene1501	36	28	26
gene1502	37	31	28
gene1503	30	35	27
gene1504	38	24	22
gene1505	19	26	30
gene1506	33	30	32
gene1507	29	25	29
gene1508	23	31	35
gene1509	33	29	25
gene1510	30	34	28
gene1511	40	40	39
gene1512	40	24	37
gene1513	40	32	26
gene1514	27	28	26
gene1515	30	28	34
gene1516	27	30	31
gene1517	25	35	25
gene1518	27	32	25
gene1519	38	31	35
gene1520	32	30	29
gene1521	37	24	32
gene1522	31	40	30
gene1523	37	34	24
gene1524	30	21	24
gene1525	35	29	31
gene1526	31	35	32
gene1527	17	32	35
gene1528	40	28	35
gene1529	30	29	35
gene1530	34	17	34
gene1531	27	34	34
gene1532	28	24	36
gene1533	32	29	30
gene1534	38	28	29
gene1535	33	33	32
gene1536	24	25	28
gene1537	32	22	30
gene1538	25	35	34
gene1539	28	26	22
gene1540	26	20	25
gene1541	29	31	27
gene1542	32	30	30
gene1543	28	32	26
gene1544	26	27	27
gene1545	28	31	27
gene1546	31	35	36
gene1547	32	28	22
gene1548	33	29	26
gene1549	26	37	27
gene1550	27	30	29
gene1551	23	28	32
gene1552	28	35	25
gene1553	28	34	17
gene1554	25	34	29
gene1555	25	35	26
gene1556	32	38	36
gene1557	32	29	24
gene1558	31	32	36
gene1559	26	39	26
gene1560	29	35	27
gene1561	34	21	29
gene1562	30	17	38
gene1563	26	25	29
gene1564	26	27	33
gene1565	30	29	37
gene1566	32	28	26
gene1567	27	36	33
gene1568	27	25	35
gene1569	23	24	26
gene1570	36	35	28
gene1571	31	31	40
gene1572	25	30	35
gene1573	31	33	29
gene1574	31	30	36
gene1575	39	39	32
gene1576	32	33	27
gene1577	32	29	36
gene1578	27	26	38
gene1579	36	20	28
gene1580	28	24	33
gene1581	34	29	26
gene1582	47	27	34
gene1583	28	21	23
gene1584	22	32	27
gene1585	22	30	38
gene1586	28	32	25
gene1587	29	26	30
gene1588	38	31	29
gene1589	26	23	25
gene1590	38	32	39
gene1591	32	32	24
gene1592	31	27	25
gene1593	28	28	30
gene1594	30	36	30
gene1595	42	39	21
gene1596	42	35	35
gene1597	22	31	25
gene1598	32	14	31
gene1599	33	38	25
gene1600	31	28	34
gene1601	33	35	28
gene1602	35	23	28
gene1603	36	31	19
gene1604	32	31	24
gene1605	22	24	19
gene1606	33	31	33
gene1607	35	32	29
gene1608	32	25	29
gene1609	32	22	34
gene1610	30	34	29
gene1611	31	26	25
gene1612	26	37	35
gene1613	28	26	26
gene1614	38	30	39
gene1615	20	25	31
gene1616	32	32	26
gene1617	24	38	28
gene1618	32	35	36
gene1619	22	31	32
gene1620	23	30	44
gene1621	33	41	29
gene1622	36	31	36
gene1623	29	29	25
gene1624	24	36	31
gene1625	31	33	44
gene1626	30	34	35
gene1627	22	27	25
gene1628	29	33	26
gene1629	31	26	27
gene1630	35	41	36
gene1631	34	39	22
gene1632	27	22	32
gene1633	22	40	23
gene1634	38	31	30
gene1635	28	26	36
gene1636	33	22	27
gene1637	23	36	25
gene1638	35	32	40
gene1639	32	34	40
gene1640	32	37	30
gene1641	33	40	33
gene1642	26	27	24
gene1643	33	32	35
gene1644	24	31	25
gene1645	34	37	28
gene1646	27	23	25
gene1647	25	35	29
gene1648	21	32	28
gene1649	34	31	28
gene1650	32	22	39
gene1651	32	39	33
gene1652	26	17	37
gene1653	29	31	19
gene1654	27	25	33
gene1655	26	23	30
gene1656	38	23	27
gene1657	34	31	32
gene1658	36	32	23
gene1659	32	35	35
gene1660	26	28	40
gene1661	32	35	35
gene1662	32	36	32
gene1663	21	26	23
gene1664	29	28	33
gene1665	35	37	31
gene1666	28	31	31
gene1667	38	29	33
gene1668	28	19	38
gene1669	24	30	27
gene1670	27	28	35
gene1671	34	31	38
gene1672	35	30	28
gene1673	23	25	30
gene1674	36	29	33
gene1675	33	27	38
gene1676	30	23	28
gene1677	27	23	18
gene1678	33	29	21
gene1679	34	38	36
gene1680	28	38	32
gene1681	25	35	30
gene1682	27	28	24
gene1683	38	22	34
gene1684	34	26	33
gene1685	34	32	28
gene1686	34	25	36
gene1687	25	36	39
gene1688	29	31	31
gene1689	33	27	29
gene1690	21	34	28
gene1691	21	33	28
gene1692	34	47	22
gene1693	27	32	23
gene1694	19	30	27
gene1695	28	27	38
gene1696	43	39	23
gene1697	28	32	33
gene1698	26	15	25
gene1699	27	29	23
gene1700	36	29	21
gene1701	32	37	33
gene1702	32	27	33
gene1703	29	29	31
gene1704	30	46	39
gene1705	30	38	23
gene1706	25	29	35
gene1707	29	20	23
gene1708	27	16	35
gene1709	28	31	24
gene1710	31	32	35
gene1711	19	27	33
gene1712	28	26	20
gene1713	33	28	32
gene1714	21	28	36
gene1715	23	34	34
gene1716	32	31	44
gene1717	28	32	21
gene1718	27	22	23
gene1719	30	29	27
gene1720	29	36	35
gene1721	26	27	30
gene1722	27	34	32
gene1723	29	30	36
gene1724	29	42	29
gene1725	27	32	31
gene1726	35	30	32
gene1727	35	31	23
gene1728	28	33	27
gene1729	34	32	30
gene1730	29	24	21
gene1731	14	21	31
gene1732	20	23	31
gene1733	32	31	31
gene1734	35	43	32
gene1735	36	26	42
gene1736	28	25	32
gene1737	39	34	35
gene1738	21	24	17
gene1739	26	26	24
gene1740	22	33	36
gene1741	19	25	33
gene1742	16	34	42
gene1743	34	35	30
gene1744	30	33	33
gene1745	32	32	29
gene1746	23	31	22
gene1747	37	21	27
gene1748	20	27	36
gene1749	29	32	25
gene1750	31	33	24
gene1751	33	25	31
gene1752	36	36	31
gene1753	39	28	26
gene1754	25	28	35
gene1755	39	37	32
gene1756	24	30	34
gene1757	20	34	28
gene1758	23	24	30
gene1759	34	20	22
gene1760	29	29	28
gene1761	28	24	24
gene1762	25	23	31
gene1763	31	35	24
gene1764	23	33	34
gene1765	27	29	26
gene1766	30	30	27
gene1767	31	29	22
gene1768	29	28	35
gene1769	32	34	25
gene1770	31	27	28
gene1771	27	29	26
gene1772	31	32	32
gene1773	36	28	41
gene1774	25	33	19
gene1775	38	29	33
gene1776	23	28	33
gene1777	29	30	28
gene1778	38	32	45
gene1779	28	23	32
gene1780	32	27	31
gene1781	37	32	34
gene1782	29	27	32
gene1783	31	32	32
gene1784	32	28	33
gene1785	30	29	29
gene1786	18	36	27
gene1787	26	41	27
gene1788	27	30	43
gene1789	29	24	31
gene1790	32	34	30
gene1791	42	28	33
gene1792	28	31	29
gene1793	35	22	36
gene1794	28	30	25
gene1795	24	33	32
gene1796	24	31	27
gene1797	24	32	34
gene1798	33	26	20
gene1799	21	23	31
gene1800	41	34	30
gene1801	28	34	29
gene1802	26	37	30
gene1803	28	30	35
gene1804	27	23	24
gene1805	34	27	35
gene1806	31	38	30
gene1807	36	27	23
gene1808	27	21	24
gene1809	32	31	28
gene1810	33	26	30
gene1811	30	35	25
gene1812	24	30	34
gene1813	23	22	23
gene1814	35	36	29
gene1815	29	31	36
gene1816	30	27	25
gene1817	25	31	35
gene1818	27	26	33
gene1819	27	30	30
gene1820	26	31	32
gene1821	34	28	31
gene1822	20	40	30
gene1823	34	31	28
gene1824	34	33	49
gene1825	40	25	34
gene1826	33	34	28
gene1827	35	32	33
gene1828	28	29	39
gene1829	28	34	31
gene1830	32	30	26
gene1831	36	32	15
gene1832	35	19	25
gene1833	34	24	23
gene1834	33	31	31
gene1835	27	32	25
gene1836	29	22	22
gene1837	33	32	20
gene1838	38	40	29
gene1839	33	33	20
gene1840	32	31	24
gene1841	21	27	22
gene1842	35	30	28
gene1843	26	32	37
gene1844	33	28	36
gene1845	28	35	36
gene1846	27	23	47
gene1847	22	36	32
gene1848	38	37	28
gene1849	23	29	28
gene1850	34	28	29
gene1851	35	30	28
gene1852	29	33	19
gene1853	16	28	27
gene1854	23	36	32
gene1855	32	30	39
gene1856	25	37	28
gene1857	34	38	28
gene1858	23	28	30
gene1859	31	26	21
gene1860	29	33	23
gene1861	28	30	35
gene1862	20	32	29
gene1863	34	31	31
gene1864	20	25	34
gene1865	34	36	26
gene1866	27	39	31
gene1867	36	24	38
gene1868	23	33	20
gene1869	23	32	33
gene1870	35	24	24
gene1871	24	23	15
gene1872	36	35	37
gene1873	30	19	27
gene1874	33	29	33
gene1875	33	21	24
gene1876	26	37	27
gene1877	30	25	29
gene1878	32	28	28
gene1879	28	33	36
gene1880	37	33	22
gene1881	27	32	29
gene1882	24	32	32
gene1883	26	35	24
gene1884	29	29	26
gene1885	35	29	22
gene1886	29	23	34
gene1887	43	33	29
gene1888	33	33	34
gene1889	28	42	27
gene1890	38	31	34
gene1891	34	28	35
gene1892	31	25	30
gene1893	35	29	36
gene1894	40	31	38
gene1895	29	31	28
gene1896	29	27	28
gene1897	34	33	27
gene1898	33	31	30
gene1899	26	39	44
gene1900	27	35	36
gene1901	33	29	38
gene1902	30	34	36
gene1903	28	39	23
gene1904	40	29	30
gene1905	21	31	34
gene1906	23	28	33
gene1907	23	33	30
gene1908	27	43	35
gene1909	27	21	32
gene1910	37	23	30
gene1911	37	27	27
gene1912	31	25	32
gene1913	37	29	26
gene1914	32	42	27
gene1915	30	28	24
gene1916	27	31	32
gene1917	32	20	35
gene1918	32	31	33
gene1919	24	28	33
gene1920	31	31	31
gene1921	19	38	24
gene1922	29	37	31
gene1923	29	26	40
gene1924	32	23	26
gene1925	29	28	37
gene1926	30	25	26
gene1927	28	37	26
gene1928	22	26	20
gene1929	24	20	24
gene1930	29	30	42
gene1931	23	24	34
gene1932	32	29	26
gene1933	28	25	34
gene1934	30	39	25
gene1935	36	24	32
gene1936	30	27	25
gene1937	39	23	29
gene1938	31	28	26
gene1939	25	26	25
gene1940	28	28	35
gene1941	33	22	27
gene1942	41	40	30
gene1943	36	27	35
gene1944	34	32	26
gene1945	24	34	30
gene1946	29	26	35
gene1947	29	33	35
gene1948	33	37	27
gene1949	30	39	29
gene1950	30	28	32
gene1951	32	34	33
gene1952	22	22	33
gene1953	37	31	28
gene1954	24	36	26
gene1955	22	28	22
gene1956	32	28	27
gene1957	34	26	25
gene1958	31	25	24
gene1959	31	20	46
gene1960	27	29	36
gene1961	26	23	28
gene1962	25	35	22
gene1963	30	29	28
gene1964	29	28	31
gene1965	44	29	33
gene1966	33	22	32
gene1967	29	33	24
gene1968	24	30	28
gene1969	24	32	36
gene1970	31	30	29
gene1971	22	25	31
gene1972	29	25	26
gene1973	21	19	24
gene1974	28	27	27
gene1975	26	24	39
gene1976	26	26	30
gene1977	51	36	34
gene1978	27	35	24
gene1979	27	24	34
gene1980	27	38	25
gene1981	38	32	24
gene1982	30	37	28
gene1983	22	35	26
gene1984	35	32	25
gene1985	36	31	26
gene1986	33	24	29
gene1987	25	34	27
gene1988	34	42	19
gene1989	22	35	34
gene1990	34	25	27
gene1991	24	32	15
gene1992	35	32	30
gene1993	26	31	37
gene1994	26	34	26
gene1995	23	31	25
gene1996	28	37	19
gene1997	33	25	32
gene1998	24	26	21
gene1999	32	22	33
gene2000	27	32	29
