N_unmapped	2324	2334	2284
N_multimapping	12592	12665	12741
N_noFeature	12467	12323	12155
N_ambiguous	12740	12524	12891
gene1.1	27	31	34
gene2.1	38	35	31
gene3.1	27	31	29
gene4.1	35	36	33
gene5.1	27	23	29
gene6.1	26	36	32
gene7.1	25	22	20
gene8.1	26	34	21
gene9.1	27	32	33
gene10.1	27	29	35
gene11.1	24	26	33
gene12.1	21	40	30
gene13.1	26	28	39
gene14.1	35	27	30
gene15.1	30	35	27
gene16.1	38	25	35
gene17.1	35	32	23
gene18.1	21	29	29
gene19.1	29	27	30
gene20.1	26	32	25
gene21.1	27	27	25
gene22.1	30	39	33
gene23.1	25	31	23
gene24.1	34	38	25
gene25.1	25	29	25
gene26.1	26	29	28
gene27.1	44	33	29
gene28.1	35	29	29
gene29.1	31	36	32
gene30.1	32	30	26
gene31.1	27	32	33
gene32.1	31	32	31
gene33.1	27	31	35
gene34.1	30	31	30
gene35.1	32	36	29
gene36.1	30	33	26
gene37.1	26	36	24
gene38.1	34	33	23
gene39.1	22	20	31
gene40.1	27	39	32
gene41.1	33	25	31
gene42.1	30	31	28
gene43.1	24	27	27
gene44.1	30	29	39
gene45.1	30	28	29
gene46.1	34	39	30
gene47.1	25	26	29
gene48.1	36	30	33
gene49.1	36	28	32
gene50.1	21	34	30
gene51.1	27	24	23
gene52.1	19	28	28
gene53.1	26	28	30
gene54.1	33	28	38
gene55.1	27	34	37
gene56.1	30	35	30
gene57.1	21	29	21
gene58.1	31	30	29
gene59.1	24	22	26
gene60.1	37	27	27
gene61.1	19	36	35
gene62.1	34	33	40
gene63.1	23	26	46
gene64.1	30	34	29
gene65.1	28	29	27
gene66.1	22	40	27
gene67.1	27	21	34
gene68.1	32	24	28
gene69.1	38	25	21
gene70.1	29	36	36
gene71.1	24	32	25
gene72.1	30	25	33
gene73.1	25	20	30
gene74.1	37	28	35
gene75.1	28	38	21
gene76.1	27	28	33
gene77.1	25	32	33
gene78.1	37	36	33
gene79.1	25	24	39
gene80.1	37	20	29
gene81.1	24	38	21
gene82.1	24	28	38
gene83.1	23	24	38
gene84.1	30	27	29
gene85.1	27	24	24
gene86.1	20	21	33
gene87.1	27	27	23
gene88.1	33	35	30
gene89.1	21	25	24
gene90.1	33	26	21
gene91.1	27	36	31
gene92.1	32	37	37
gene93.1	25	29	28
gene94.1	35	32	27
gene95.1	28	29	29
gene96.1	27	30	31
gene97.1	27	29	28
gene98.1	32	31	43
gene99.1	28	29	25
gene100.1	39	25	30
gene101.1	24	34	32
gene102.1	27	35	40
gene103.1	34	20	25
gene104.1	34	25	27
gene105.1	32	26	28
gene106.1	29	38	22
gene107.1	22	18	27
gene108.1	18	21	29
gene109.1	37	34	35
gene110.1	35	31	31
gene111.1	32	28	37
gene112.1	25	29	20
gene113.1	30	27	27
gene114.1	27	25	36
gene115.1	31	37	34
gene116.1	21	34	34
gene117.1	31	22	40
gene118.1	26	25	31
gene119.1	22	31	33
gene120.1	21	24	29
gene121.1	31	40	33
gene122.1	33	41	22
gene123.1	27	41	35
gene124.1	28	31	31
gene125.1	25	26	28
gene126.1	33	29	33
gene127.1	29	29	25
gene128.1	18	24	25
gene129.1	20	38	34
gene130.1	26	26	29
gene131.1	37	34	29
gene132.1	25	29	34
gene133.1	29	30	30
gene134.1	20	37	32
gene135.1	38	24	26
gene136.1	33	40	25
gene137.1	27	25	18
gene138.1	36	28	26
gene139.1	32	37	34
gene140.1	37	29	26
gene141.1	25	24	31
gene142.1	23	24	37
gene143.1	27	24	29
gene144.1	20	40	26
gene145.1	33	41	22
gene146.1	23	27	35
gene147.1	39	35	30
gene148.1	36	38	36
gene149.1	26	42	26
gene150.1	33	41	29
gene151.1	35	29	26
gene152.1	30	30	26
gene153.1	27	25	35
gene154.1	39	32	31
gene155.1	24	20	35
gene156.1	32	26	34
gene157.1	31	27	32
gene158.1	31	36	23
gene159.1	28	25	28
gene160.1	24	29	31
gene161.1	34	25	30
gene162.1	25	36	32
gene163.1	27	32	28
gene164.1	23	25	24
gene165.1	41	30	25
gene166.1	23	24	23
gene167.1	26	35	28
gene168.1	29	30	16
gene169.1	27	25	31
gene170.1	26	35	35
gene171.1	26	32	31
gene172.1	22	34	17
gene173.1	33	28	31
gene174.1	21	26	38
gene175.1	33	45	44
gene176.1	37	35	36
gene177.1	35	24	19
gene178.1	29	39	26
gene179.1	34	24	21
gene180.1	34	37	30
gene181.1	27	34	33
gene182.1	28	29	33
gene183.1	34	38	30
gene184.1	37	28	30
gene185.1	22	26	31
gene186.1	30	27	26
gene187.1	36	27	25
gene188.1	28	30	27
gene189.1	35	37	20
gene190.1	31	30	35
gene191.1	22	23	31
gene192.1	36	30	29
gene193.1	32	34	32
gene194.1	30	27	37
gene195.1	31	28	20
gene196.1	30	33	30
gene197.1	24	33	36
gene198.1	32	24	28
gene199.1	31	30	38
gene200.1	23	41	26
gene201.1	36	39	28
gene202.1	33	33	23
gene203.1	32	28	36
gene204.1	37	37	24
gene205.1	43	22	29
gene206.1	33	33	38
gene207.1	31	29	30
gene208.1	27	35	32
gene209.1	30	22	33
gene210.1	40	25	29
gene211.1	26	30	29
gene212.1	31	30	33
gene213.1	33	32	34
gene214.1	31	34	31
gene215.1	32	37	27
gene216.1	31	34	33
gene217.1	25	32	23
gene218.1	37	36	30
gene219.1	22	21	31
gene220.1	34	30	22
gene221.1	16	26	42
gene222.1	22	42	33
gene223.1	28	28	32
gene224.1	26	29	22
gene225.1	29	27	31
gene226.1	21	42	36
gene227.1	34	26	18
gene228.1	29	30	30
gene229.1	24	33	27
gene230.1	28	33	28
gene231.1	28	34	35
gene232.1	28	26	33
gene233.1	28	37	28
gene234.1	23	21	22
gene235.1	32	32	29
gene236.1	35	33	33
gene237.1	29	29	29
gene238.1	25	25	32
gene239.1	29	31	27
gene240.1	36	25	32
gene241.1	32	26	20
gene242.1	20	39	26
gene243.1	30	41	33
gene244.1	32	20	34
gene245.1	40	26	36
gene246.1	26	32	30
gene247.1	38	29	37
gene248.1	30	24	29
gene249.1	33	32	34
gene250.1	34	29	30
gene251.1	25	36	37
gene252.1	30	39	34
gene253.1	30	36	34
gene254.1	28	40	26
gene255.1	33	23	28
gene256.1	35	36	29
gene257.1	26	26	39
gene258.1	24	34	23
gene259.1	38	26	27
gene260.1	27	36	31
gene261.1	27	25	36
gene262.1	32	38	38
gene263.1	31	27	32
gene264.1	30	23	36
gene265.1	33	32	27
gene266.1	31	35	35
gene267.1	26	20	30
gene268.1	35	24	34
gene269.1	34	26	28
gene270.1	27	33	35
gene271.1	33	34	31
gene272.1	26	31	38
gene273.1	26	31	26
gene274.1	29	20	24
gene275.1	28	25	38
gene276.1	35	31	48
gene277.1	30	36	35
gene278.1	31	28	31
gene279.1	29	33	33
gene280.1	29	25	45
gene281.1	23	42	35
gene282.1	26	32	42
gene283.1	26	26	17
gene284.1	31	25	36
gene285.1	40	37	26
gene286.1	18	27	26
gene287.1	38	24	32
gene288.1	30	31	33
gene289.1	28	30	32
gene290.1	29	34	29
gene291.1	35	32	27
gene292.1	15	28	29
gene293.1	35	22	34
gene294.1	27	30	47
gene295.1	26	29	28
gene296.1	28	43	32
gene297.1	33	34	25
gene298.1	31	35	30
gene299.1	33	28	31
gene300.1	39	25	30
gene301.1	30	34	30
gene302.1	30	30	20
gene303.1	27	34	29
gene304.1	29	31	25
gene305.1	24	41	31
gene306.1	29	22	22
gene307.1	27	24	26
gene308.1	24	35	34
gene309.1	30	26	29
gene310.1	31	28	30
gene311.1	35	39	42
gene312.1	28	44	24
gene313.1	33	36	27
gene314.1	32	36	39
gene315.1	29	25	19
gene316.1	27	25	35
gene317.1	28	35	33
gene318.1	27	26	32
gene319.1	32	20	36
gene320.1	38	28	33
gene321.1	37	26	19
gene322.1	31	31	24
gene323.1	34	37	23
gene324.1	26	33	28
gene325.1	33	35	35
gene326.1	32	30	32
gene327.1	39	37	40
gene328.1	35	27	24
gene329.1	41	42	37
gene330.1	35	26	46
gene331.1	18	27	28
gene332.1	32	26	37
gene333.1	30	33	31
gene334.1	32	22	36
gene335.1	38	41	27
gene336.1	33	32	30
gene337.1	37	32	28
gene338.1	31	18	22
gene339.1	26	28	38
gene340.1	26	22	36
gene341.1	28	25	24
gene342.1	30	42	38
gene343.1	24	32	22
gene344.1	40	31	32
gene345.1	21	43	31
gene346.1	35	33	27
gene347.1	27	17	26
gene348.1	30	25	33
gene349.1	28	31	31
gene350.1	31	25	32
gene351.1	38	24	21
gene352.1	30	21	26
gene353.1	34	32	32
gene354.1	24	34	26
gene355.1	29	31	35
gene356.1	37	25	31
gene357.1	22	22	30
gene358.1	27	29	35
gene359.1	23	31	28
gene360.1	31	29	43
gene361.1	35	29	29
gene362.1	37	31	24
gene363.1	20	27	23
gene364.1	30	24	27
gene365.1	37	24	29
gene366.1	26	29	37
gene367.1	26	34	25
gene368.1	34	19	30
gene369.1	30	34	27
gene370.1	27	33	33
gene371.1	27	25	21
gene372.1	23	31	25
gene373.1	28	27	37
gene374.1	23	26	28
gene375.1	34	24	44
gene376.1	43	35	32
gene377.1	43	28	32
gene378.1	40	24	25
gene379.1	28	35	35
gene380.1	29	28	37
gene381.1	28	31	25
gene382.1	23	33	23
gene383.1	37	33	27
gene384.1	34	43	34
gene385.1	31	22	29
gene386.1	24	32	31
gene387.1	35	20	32
gene388.1	35	31	23
gene389.1	42	28	23
gene390.1	33	18	40
gene391.1	27	32	25
gene392.1	31	38	31
gene393.1	32	39	35
gene394.1	29	26	28
gene395.1	30	26	28
gene396.1	36	27	33
gene397.1	29	25	29
gene398.1	32	29	29
gene399.1	30	28	29
gene400.1	31	29	28
gene401.1	36	38	38
gene402.1	27	37	26
gene403.1	23	21	47
gene404.1	36	25	33
gene405.1	30	32	25
gene406.1	27	26	24
gene407.1	23	24	31
gene408.1	29	25	31
gene409.1	37	36	30
gene410.1	39	26	29
gene411.1	33	20	28
gene412.1	32	40	28
gene413.1	42	30	35
gene414.1	25	24	34
gene415.1	38	26	29
gene416.1	29	29	32
gene417.1	31	30	28
gene418.1	21	21	28
gene419.1	36	34	33
gene420.1	31	25	33
gene421.1	29	27	37
gene422.1	26	26	21
gene423.1	26	37	26
gene424.1	25	32	25
gene425.1	33	29	26
gene426.1	25	29	30
gene427.1	32	25	30
gene428.1	32	31	38
gene429.1	29	30	27
gene430.1	31	38	24
gene431.1	39	35	22
gene432.1	18	32	21
gene433.1	26	31	29
gene434.1	35	28	30
gene435.1	36	32	40
gene436.1	19	32	30
gene437.1	28	18	22
gene438.1	41	33	22
gene439.1	31	27	33
gene440.1	28	31	30
gene441.1	22	21	33
gene442.1	34	26	28
gene443.1	21	31	23
gene444.1	32	20	31
gene445.1	18	35	24
gene446.1	30	38	24
gene447.1	32	21	37
gene448.1	36	34	27
gene449.1	24	31	24
gene450.1	22	27	26
gene451.1	25	30	34
gene452.1	38	29	36
gene453.1	27	39	30
gene454.1	28	19	27
gene455.1	24	39	34
gene456.1	35	19	28
gene457.1	38	35	35
gene458.1	30	32	20
gene459.1	34	33	27
gene460.1	33	26	30
gene461.1	28	27	36
gene462.1	28	37	26
gene463.1	34	34	30
gene464.1	20	36	35
gene465.1	30	20	28
gene466.1	41	21	35
gene467.1	27	20	23
gene468.1	27	35	28
gene469.1	27	37	30
gene470.1	38	24	22
gene471.1	32	26	32
gene472.1	35	32	28
gene473.1	29	27	41
gene474.1	34	36	30
gene475.1	27	35	32
gene476.1	31	29	25
gene477.1	30	26	32
gene478.1	29	37	26
gene479.1	35	31	31
gene480.1	34	33	32
gene481.1	25	34	27
gene482.1	24	25	38
gene483.1	35	33	28
gene484.1	26	36	23
gene485.1	33	39	25
gene486.1	33	25	27
gene487.1	28	16	30
gene488.1	30	29	18
gene489.1	30	37	31
gene490.1	30	46	34
gene491.1	39	32	21
gene492.1	23	30	33
gene493.1	21	34	23
gene494.1	37	32	35
gene495.1	23	30	38
gene496.1	31	20	30
gene497.1	42	22	24
gene498.1	35	28	27
gene499.1	31	28	30
gene500.1	19	28	19
gene501.1	25	29	36
gene502.1	34	18	33
gene503.1	26	25	34
gene504.1	32	26	37
gene505.1	33	34	27
gene506.1	34	33	33
gene507.1	39	26	34
gene508.1	21	37	26
gene509.1	30	32	40
gene510.1	23	27	26
gene511.1	21	35	30
gene512.1	38	27	29
gene513.1	29	25	22
gene514.1	23	30	29
gene515.1	34	26	30
gene516.1	26	29	32
gene517.1	37	32	35
gene518.1	31	46	37
gene519.1	39	29	28
gene520.1	32	31	36
gene521.1	33	30	37
gene522.1	23	33	32
gene523.1	30	35	25
gene524.1	31	33	24
gene525.1	31	28	27
gene526.1	35	25	25
gene527.1	39	29	29
gene528.1	35	29	24
gene529.1	27	25	34
gene530.1	32	36	36
gene531.1	28	28	34
gene532.1	30	33	21
gene533.1	26	26	32
gene534.1	26	33	24
gene535.1	33	29	31
gene536.1	31	29	31
gene537.1	32	32	30
gene538.1	29	28	35
gene539.1	29	34	31
gene540.1	30	27	32
gene541.1	23	43	30
gene542.1	27	31	34
gene543.1	26	26	37
gene544.1	38	33	28
gene545.1	36	30	36
gene546.1	37	26	26
gene547.1	37	25	22
gene548.1	27	26	21
gene549.1	28	43	22
gene550.1	30	28	29
gene551.1	28	25	30
gene552.1	26	34	37
gene553.1	28	30	33
gene554.1	31	38	31
gene555.1	38	21	40
gene556.1	36	29	38
gene557.1	28	30	23
gene558.1	24	29	32
gene559.1	30	35	31
gene560.1	23	36	31
gene561.1	32	35	29
gene562.1	32	30	25
gene563.1	34	27	21
gene564.1	35	27	31
gene565.1	28	32	33
gene566.1	31	32	25
gene567.1	44	25	33
gene568.1	32	23	36
gene569.1	25	38	27
gene570.1	25	35	24
gene571.1	22	31	33
gene572.1	35	34	27
gene573.1	30	26	35
gene574.1	24	32	37
gene575.1	40	20	33
gene576.1	30	33	26
gene577.1	30	36	30
gene578.1	31	38	36
gene579.1	30	22	25
gene580.1	28	32	29
gene581.1	35	25	32
gene582.1	36	33	28
gene583.1	29	26	32
gene584.1	32	30	28
gene585.1	30	32	32
gene586.1	35	24	35
gene587.1	37	25	26
gene588.1	34	38	22
gene589.1	30	33	22
gene590.1	36	26	22
gene591.1	26	34	29
gene592.1	32	36	33
gene593.1	32	27	29
gene594.1	32	29	37
gene595.1	24	24	27
gene596.1	33	17	42
gene597.1	22	31	32
gene598.1	27	24	34
gene599.1	29	29	33
gene600.1	29	42	34
gene601.1	24	30	36
gene602.1	24	32	36
gene603.1	33	28	29
gene604.1	26	37	26
gene605.1	29	38	29
gene606.1	24	30	29
gene607.1	26	21	30
gene608.1	37	25	30
gene609.1	39	34	33
gene610.1	29	27	29
gene611.1	29	36	28
gene612.1	21	30	38
gene613.1	38	25	29
gene614.1	26	42	37
gene615.1	29	30	28
gene616.1	32	37	38
gene617.1	28	24	26
gene618.1	26	32	37
gene619.1	32	28	23
gene620.1	26	34	36
gene621.1	36	30	31
gene622.1	28	31	22
gene623.1	46	38	34
gene624.1	28	27	33
gene625.1	24	19	25
gene626.1	30	35	20
gene627.1	29	32	33
gene628.1	26	22	30
gene629.1	36	40	38
gene630.1	18	31	32
gene631.1	32	28	27
gene632.1	28	36	26
gene633.1	29	35	33
gene634.1	32	31	38
gene635.1	23	32	24
gene636.1	34	35	32
gene637.1	28	43	32
gene638.1	31	30	28
gene639.1	29	27	40
gene640.1	20	33	33
gene641.1	29	26	33
gene642.1	26	32	32
gene643.1	39	28	25
gene644.1	21	33	37
gene645.1	27	27	25
gene646.1	17	33	35
gene647.1	31	19	29
gene648.1	35	28	39
gene649.1	26	32	41
gene650.1	25	25	28
gene651.1	36	36	23
gene652.1	27	30	25
gene653.1	36	29	36
gene654.1	27	27	39
gene655.1	28	31	23
gene656.1	30	21	28
gene657.1	27	33	32
gene658.1	25	26	32
gene659.1	30	41	34
gene660.1	27	34	34
gene661.1	27	42	28
gene662.1	16	41	22
gene663.1	31	30	27
gene664.1	25	27	33
gene665.1	35	25	32
gene666.1	23	38	25
gene667.1	21	33	30
gene668.1	32	26	25
gene669.1	34	30	40
gene670.1	32	34	45
gene671.1	27	25	34
gene672.1	32	38	21
gene673.1	27	36	26
gene674.1	45	24	25
gene675.1	26	18	33
gene676.1	33	34	21
gene677.1	26	33	33
gene678.1	24	21	36
gene679.1	32	34	22
gene680.1	36	35	25
gene681.1	37	19	36
gene682.1	34	18	29
gene683.1	27	25	45
gene684.1	27	17	33
gene685.1	34	45	35
gene686.1	33	31	36
gene687.1	24	24	23
gene688.1	31	34	39
gene689.1	27	34	42
gene690.1	18	28	22
gene691.1	31	30	33
gene692.1	26	32	30
gene693.1	34	29	29
gene694.1	26	23	39
gene695.1	39	28	30
gene696.1	33	22	36
gene697.1	33	28	29
gene698.1	23	35	33
gene699.1	31	35	36
gene700.1	33	38	32
gene701.1	34	23	30
gene702.1	35	32	42
gene703.1	29	35	26
gene704.1	36	29	37
gene705.1	27	36	32
gene706.1	25	39	27
gene707.1	39	39	37
gene708.1	27	34	29
gene709.1	33	28	29
gene710.1	26	26	24
gene711.1	37	29	23
gene712.1	39	34	28
gene713.1	29	39	18
gene714.1	36	35	28
gene715.1	31	28	26
gene716.1	28	31	23
gene717.1	35	32	29
gene718.1	30	30	34
gene719.1	34	29	25
gene720.1	31	34	34
gene721.1	36	31	23
gene722.1	30	38	40
gene723.1	33	31	31
gene724.1	36	25	35
gene725.1	25	31	36
gene726.1	35	31	32
gene727.1	36	27	35
gene728.1	29	36	41
gene729.1	34	32	24
gene730.1	29	34	25
gene731.1	34	31	35
gene732.1	22	30	33
gene733.1	28	26	32
gene734.1	30	27	27
gene735.1	35	37	30
gene736.1	26	28	21
gene737.1	30	14	33
gene738.1	29	33	21
gene739.1	29	27	32
gene740.1	31	26	29
gene741.1	38	36	32
gene742.1	26	28	32
gene743.1	34	35	24
gene744.1	20	34	32
gene745.1	16	21	37
gene746.1	32	33	29
gene747.1	28	21	38
gene748.1	28	24	30
gene749.1	22	29	33
gene750.1	28	25	29
gene751.1	30	25	30
gene752.1	38	24	25
gene753.1	32	37	39
gene754.1	32	30	25
gene755.1	30	44	27
gene756.1	30	33	31
gene757.1	23	35	37
gene758.1	29	32	39
gene759.1	36	28	26
gene760.1	28	34	30
gene761.1	39	33	25
gene762.1	31	37	43
gene763.1	32	18	31
gene764.1	24	27	25
gene765.1	27	27	27
gene766.1	34	32	32
gene767.1	35	40	38
gene768.1	28	35	31
gene769.1	32	29	29
gene770.1	26	37	28
gene771.1	26	31	42
gene772.1	28	35	34
gene773.1	26	28	36
gene774.1	41	23	23
gene775.1	38	40	21
gene776.1	21	32	29
gene777.1	32	29	27
gene778.1	28	29	30
gene779.1	27	33	31
gene780.1	30	19	34
gene781.1	22	32	34
gene782.1	27	31	25
gene783.1	31	35	28
gene784.1	27	25	16
gene785.1	33	27	33
gene786.1	31	33	36
gene787.1	23	31	37
gene788.1	30	28	35
gene789.1	35	21	32
gene790.1	32	28	36
gene791.1	26	26	27
gene792.1	38	29	28
gene793.1	38	27	29
gene794.1	27	35	17
gene795.1	34	38	31
gene796.1	24	35	31
gene797.1	27	29	29
gene798.1	34	31	38
gene799.1	34	27	37
gene800.1	32	30	27
gene801.1	28	33	26
gene802.1	23	27	26
gene803.1	30	43	31
gene804.1	42	15	29
gene805.1	33	27	29
gene806.1	38	30	30
gene807.1	30	41	32
gene808.1	23	30	28
gene809.1	32	22	28
gene810.1	42	35	34
gene811.1	34	38	34
gene812.1	21	30	37
gene813.1	25	33	40
gene814.1	30	20	25
gene815.1	27	30	30
gene816.1	24	31	31
gene817.1	26	26	26
gene818.1	28	31	30
gene819.1	25	25	34
gene820.1	28	35	24
gene821.1	25	25	44
gene822.1	27	36	38
gene823.1	25	33	21
gene824.1	31	26	32
gene825.1	31	30	31
gene826.1	22	32	36
gene827.1	36	25	30
gene828.1	30	29	27
gene829.1	25	36	28
gene830.1	33	33	28
gene831.1	38	35	28
gene832.1	29	34	28
gene833.1	13	25	28
gene834.1	28	31	33
gene835.1	22	29	25
gene836.1	26	24	31
gene837.1	24	37	31
gene838.1	33	32	37
gene839.1	34	33	25
gene840.1	30	26	28
gene841.1	31	33	31
gene842.1	28	28	28
gene843.1	28	36	24
gene844.1	31	30	25
gene845.1	22	31	25
gene846.1	20	28	28
gene847.1	34	39	31
gene848.1	40	37	27
gene849.1	40	29	34
gene850.1	30	32	40
gene851.1	25	32	29
gene852.1	35	35	24
gene853.1	22	25	34
gene854.1	32	22	35
gene855.1	31	34	31
gene856.1	26	32	36
gene857.1	36	29	34
gene858.1	37	28	25
gene859.1	24	18	28
gene860.1	24	30	26
gene861.1	30	32	23
gene862.1	34	27	28
gene863.1	38	33	25
gene864.1	26	31	33
gene865.1	35	33	26
gene866.1	33	28	27
gene867.1	27	30	30
gene868.1	24	28	24
gene869.1	28	33	38
gene870.1	27	30	36
gene871.1	32	29	29
gene872.1	33	36	30
gene873.1	33	35	25
gene874.1	41	15	23
gene875.1	24	23	35
gene876.1	28	31	34
gene877.1	30	24	37
gene878.1	25	34	29
gene879.1	32	36	32
gene880.1	33	30	30
gene881.1	33	33	33
gene882.1	45	23	27
gene883.1	30	29	25
gene884.1	37	35	34
gene885.1	31	27	29
gene886.1	20	26	26
gene887.1	29	28	31
gene888.1	33	36	28
gene889.1	35	38	31
gene890.1	39	25	36
gene891.1	35	30	30
gene892.1	24	25	38
gene893.1	30	19	42
gene894.1	25	31	26
gene895.1	21	37	41
gene896.1	24	30	31
gene897.1	39	28	26
gene898.1	20	35	23
gene899.1	28	30	37
gene900.1	28	26	27
gene901.1	40	26	25
gene902.1	31	24	34
gene903.1	26	18	27
gene904.1	18	26	23
gene905.1	29	27	43
gene906.1	23	23	30
gene907.1	34	22	31
gene908.1	36	27	30
gene909.1	35	34	30
gene910.1	25	50	33
gene911.1	32	20	34
gene912.1	31	34	25
gene913.1	20	35	32
gene914.1	45	21	27
gene915.1	23	34	21
gene916.1	31	37	36
gene917.1	28	22	26
gene918.1	32	35	27
gene919.1	29	34	26
gene920.1	29	32	31
gene921.1	31	32	29
gene922.1	28	28	35
gene923.1	20	23	26
gene924.1	39	22	27
gene925.1	32	39	26
gene926.1	38	22	30
gene927.1	32	31	22
gene928.1	31	24	29
gene929.1	32	34	33
gene930.1	25	34	23
gene931.1	17	33	22
gene932.1	31	28	27
gene933.1	30	40	34
gene934.1	28	30	39
gene935.1	32	25	26
gene936.1	36	34	37
gene937.1	26	26	21
gene938.1	25	27	30
gene939.1	40	29	28
gene940.1	21	35	21
gene941.1	30	29	25
gene942.1	42	25	34
gene943.1	29	28	26
gene944.1	45	37	24
gene945.1	27	33	31
gene946.1	25	16	28
gene947.1	32	25	29
gene948.1	30	25	24
gene949.1	21	26	20
gene950.1	22	21	29
gene951.1	31	29	31
gene952.1	39	39	29
gene953.1	29	28	25
gene954.1	36	31	25
gene955.1	26	21	27
gene956.1	24	26	32
gene957.1	27	22	33
gene958.1	31	27	24
gene959.1	27	34	35
gene960.1	32	44	32
gene961.1	27	35	29
gene962.1	30	33	25
gene963.1	33	29	25
gene964.1	33	25	31
gene965.1	29	27	32
gene966.1	29	32	31
gene967.1	24	29	23
gene968.1	27	23	21
gene969.1	39	24	28
gene970.1	25	27	28
gene971.1	32	27	30
gene972.1	29	29	24
gene973.1	29	31	27
gene974.1	25	39	26
gene975.1	27	38	31
gene976.1	31	28	32
gene977.1	27	28	36
gene978.1	35	31	26
gene979.1	28	29	21
gene980.1	31	28	33
gene981.1	26	26	22
gene982.1	32	29	27
gene983.1	34	41	28
gene984.1	25	18	34
gene985.1	30	32	33
gene986.1	25	25	34
gene987.1	29	33	37
gene988.1	33	30	38
gene989.1	26	26	35
gene990.1	28	34	51
gene991.1	42	30	32
gene992.1	33	32	31
gene993.1	31	17	27
gene994.1	30	28	33
gene995.1	22	24	36
gene996.1	38	33	35
gene997.1	30	34	29
gene998.1	29	26	38
gene999.1	28	27	19
gene1000.1	28	29	36
gene1001.1	41	34	37
gene1002.1	39	28	23
gene1003.1	28	21	42
gene1004.1	25	28	30
gene1005.1	39	22	31
gene1006.1	30	29	35
gene1007.1	28	37	32
gene1008.1	40	25	37
gene1009.1	24	31	39
gene1010.1	39	25	28
gene1011.1	20	40	25
gene1012.1	27	28	30
gene1013.1	30	34	33
gene1014.1	33	51	19
gene1015.1	35	31	34
gene1016.1	34	27	24
gene1017.1	40	37	29
gene1018.1	32	22	41
gene1019.1	36	23	41
gene1020.1	42	29	24
gene1021.1	26	27	34
gene1022.1	32	32	36
gene1023.1	29	33	31
gene1024.1	29	29	27
gene1025.1	32	41	30
gene1026.1	28	33	29
gene1027.1	37	23	33
gene1028.1	24	32	29
gene1029.1	29	35	27
gene1030.1	28	27	26
gene1031.1	31	36	32
gene1032.1	35	39	23
gene1033.1	23	29	32
gene1034.1	28	29	35
gene1035.1	33	31	36
gene1036.1	22	22	25
gene1037.1	31	23	24
gene1038.1	33	23	29
gene1039.1	33	25	30
gene1040.1	27	27	29
gene1041.1	28	32	22
gene1042.1	25	31	35
gene1043.1	39	25	22
gene1044.1	29	39	27
gene1045.1	29	24	28
gene1046.1	19	22	33
gene1047.1	30	24	33
gene1048.1	27	28	30
gene1049.1	29	25	28
gene1050.1	24	27	28
gene1051.1	22	23	37
gene1052.1	35	28	33
gene1053.1	31	33	27
gene1054.1	35	29	22
gene1055.1	23	35	31
gene1056.1	40	33	30
gene1057.1	27	28	29
gene1058.1	27	26	28
gene1059.1	28	28	28
gene1060.1	33	30	32
gene1061.1	31	31	33
gene1062.1	40	28	24
gene1063.1	30	42	35
gene1064.1	27	31	32
gene1065.1	32	31	32
gene1066.1	28	28	25
gene1067.1	23	33	33
gene1068.1	28	31	29
gene1069.1	29	45	33
gene1070.1	26	26	32
gene1071.1	34	30	23
gene1072.1	33	35	31
gene1073.1	29	32	32
gene1074.1	27	31	25
gene1075.1	27	25	26
gene1076.1	25	34	17
gene1077.1	41	24	33
gene1078.1	42	31	35
gene1079.1	27	24	29
gene1080.1	27	21	32
gene1081.1	30	24	29
gene1082.1	29	25	32
gene1083.1	36	38	32
gene1084.1	38	29	33
gene1085.1	36	24	42
gene1086.1	30	30	40
gene1087.1	33	33	30
gene1088.1	25	24	31
gene1089.1	31	24	28
gene1090.1	32	31	31
gene1091.1	24	32	31
gene1092.1	26	26	30
gene1093.1	32	25	24
gene1094.1	30	27	27
gene1095.1	29	38	23
gene1096.1	33	40	29
gene1097.1	26	24	29
gene1098.1	20	27	28
gene1099.1	39	26	32
gene1100.1	39	42	27
gene1101.1	26	32	33
gene1102.1	38	30	33
gene1103.1	31	34	24
gene1104.1	28	32	30
gene1105.1	33	21	34
gene1106.1	34	25	25
gene1107.1	36	40	23
gene1108.1	35	32	29
gene1109.1	32	27	29
gene1110.1	40	34	22
gene1111.1	41	24	32
gene1112.1	35	34	26
gene1113.1	32	25	22
gene1114.1	31	20	32
gene1115.1	27	30	42
gene1116.1	28	32	34
gene1117.1	30	32	27
gene1118.1	32	25	34
gene1119.1	33	34	26
gene1120.1	22	32	32
gene1121.1	19	25	28
gene1122.1	24	31	33
gene1123.1	29	33	19
gene1124.1	31	31	40
gene1125.1	30	19	34
gene1126.1	29	25	26
gene1127.1	28	25	30
gene1128.1	34	32	32
gene1129.1	30	25	24
gene1130.1	31	25	40
gene1131.1	20	34	30
gene1132.1	23	36	22
gene1133.1	32	31	37
gene1134.1	26	31	30
gene1135.1	30	46	22
gene1136.1	27	25	30
gene1137.1	27	20	27
gene1138.1	26	37	27
gene1139.1	16	25	30
gene1140.1	27	35	22
gene1141.1	28	31	36
gene1142.1	24	25	32
gene1143.1	27	25	31
gene1144.1	28	39	30
gene1145.1	32	40	28
gene1146.1	26	29	22
gene1147.1	37	36	29
gene1148.1	21	37	24
gene1149.1	23	26	29
gene1150.1	44	40	31
gene1151.1	36	36	41
gene1152.1	32	26	35
gene1153.1	22	28	31
gene1154.1	43	31	27
gene1155.1	26	18	28
gene1156.1	25	30	32
gene1157.1	28	27	29
gene1158.1	38	43	24
gene1159.1	28	25	33
gene1160.1	37	36	28
gene1161.1	31	30	33
gene1162.1	27	29	31
gene1163.1	29	31	31
gene1164.1	39	32	30
gene1165.1	37	33	19
gene1166.1	24	26	21
gene1167.1	31	27	32
gene1168.1	36	34	30
gene1169.1	30	41	35
gene1170.1	34	24	41
gene1171.1	26	39	42
gene1172.1	32	30	25
gene1173.1	28	28	24
gene1174.1	35	27	39
gene1175.1	22	32	29
gene1176.1	32	32	33
gene1177.1	32	31	36
gene1178.1	32	33	42
gene1179.1	35	30	43
gene1180.1	22	22	30
gene1181.1	23	22	32
gene1182.1	39	36	37
gene1183.1	32	25	21
gene1184.1	38	22	37
gene1185.1	32	23	33
gene1186.1	27	26	31
gene1187.1	31	34	33
gene1188.1	29	33	40
gene1189.1	30	32	24
gene1190.1	23	24	27
gene1191.1	39	33	26
gene1192.1	28	29	22
gene1193.1	32	24	29
gene1194.1	29	24	35
gene1195.1	38	23	36
gene1196.1	23	32	40
gene1197.1	32	25	35
gene1198.1	27	37	28
gene1199.1	32	23	26
gene1200.1	21	32	38
gene1201.1	27	22	22
gene1202.1	24	26	30
gene1203.1	46	29	32
gene1204.1	36	23	34
gene1205.1	29	34	27
gene1206.1	31	28	32
gene1207.1	27	24	25
gene1208.1	29	23	33
gene1209.1	32	26	35
gene1210.1	35	27	31
gene1211.1	32	31	37
gene1212.1	39	31	29
gene1213.1	34	30	31
gene1214.1	29	32	33
gene1215.1	25	27	20
gene1216.1	30	30	21
gene1217.1	29	22	42
gene1218.1	28	36	36
gene1219.1	39	23	33
gene1220.1	30	28	40
gene1221.1	27	25	22
gene1222.1	33	26	25
gene1223.1	28	28	25
gene1224.1	40	26	31
gene1225.1	33	39	36
gene1226.1	24	26	21
gene1227.1	27	33	24
gene1228.1	26	30	24
gene1229.1	36	27	27
gene1230.1	27	28	25
gene1231.1	32	23	26
gene1232.1	34	25	26
gene1233.1	30	20	30
gene1234.1	34	29	29
gene1235.1	21	31	37
gene1236.1	31	36	34
gene1237.1	28	33	35
gene1238.1	32	31	27
gene1239.1	42	21	24
gene1240.1	25	24	33
gene1241.1	28	30	35
gene1242.1	30	34	27
gene1243.1	33	26	27
gene1244.1	30	28	26
gene1245.1	25	36	38
gene1246.1	43	33	28
gene1247.1	21	30	30
gene1248.1	36	34	27
gene1249.1	34	26	29
gene1250.1	33	30	25
gene1251.1	38	33	30
gene1252.1	27	30	25
gene1253.1	22	27	39
gene1254.1	32	33	25
gene1255.1	34	24	35
gene1256.1	27	27	23
gene1257.1	32	28	24
gene1258.1	34	26	29
gene1259.1	28	28	23
gene1260.1	25	43	37
gene1261.1	40	33	33
gene1262.1	39	27	25
gene1263.1	24	25	25
gene1264.1	36	29	29
gene1265.1	29	34	25
gene1266.1	33	28	39
gene1267.1	33	28	33
gene1268.1	41	35	28
gene1269.1	24	23	28
gene1270.1	29	33	35
gene1271.1	36	24	21
gene1272.1	28	33	34
gene1273.1	29	30	35
gene1274.1	35	24	20
gene1275.1	37	26	23
gene1276.1	24	26	26
gene1277.1	30	35	34
gene1278.1	36	40	26
gene1279.1	26	29	26
gene1280.1	37	26	32
gene1281.1	23	32	28
gene1282.1	33	37	37
gene1283.1	22	32	32
gene1284.1	30	25	35
gene1285.1	29	29	31
gene1286.1	30	29	32
gene1287.1	19	33	25
gene1288.1	30	28	20
gene1289.1	22	29	28
gene1290.1	30	36	33
gene1291.1	41	33	25
gene1292.1	36	24	24
gene1293.1	29	31	29
gene1294.1	28	26	24
gene1295.1	37	29	28
gene1296.1	33	49	26
gene1297.1	39	29	34
gene1298.1	30	27	26
gene1299.1	30	43	27
gene1300.1	36	33	36
gene1301.1	30	29	21
gene1302.1	38	34	26
gene1303.1	31	28	28
gene1304.1	36	20	41
gene1305.1	33	23	34
gene1306.1	32	37	34
gene1307.1	34	39	36
gene1308.1	43	29	27
gene1309.1	19	32	34
gene1310.1	19	22	25
gene1311.1	30	31	41
gene1312.1	27	29	31
gene1313.1	33	34	25
gene1314.1	34	32	29
gene1315.1	29	26	36
gene1316.1	26	37	47
gene1317.1	31	33	28
gene1318.1	31	16	23
gene1319.1	35	31	36
gene1320.1	34	25	35
gene1321.1	29	32	37
gene1322.1	29	27	27
gene1323.1	38	41	22
gene1324.1	35	24	44
gene1325.1	32	33	22
gene1326.1	26	28	31
gene1327.1	21	32	40
gene1328.1	30	24	30
gene1329.1	29	23	24
gene1330.1	30	28	31
gene1331.1	33	33	34
gene1332.1	29	29	36
gene1333.1	30	28	39
gene1334.1	27	34	29
gene1335.1	22	32	27
gene1336.1	17	27	36
gene1337.1	20	29	26
gene1338.1	38	30	39
gene1339.1	29	28	29
gene1340.1	26	34	31
gene1341.1	33	33	23
gene1342.1	35	24	34
gene1343.1	26	31	39
gene1344.1	34	35	26
gene1345.1	32	29	26
gene1346.1	21	22	20
gene1347.1	33	29	25
gene1348.1	32	25	30
gene1349.1	35	33	33
gene1350.1	26	35	27
gene1351.1	33	26	31
gene1352.1	31	27	35
gene1353.1	31	38	34
gene1354.1	29	37	34
gene1355.1	22	22	36
gene1356.1	25	34	26
gene1357.1	27	17	26
gene1358.1	28	38	23
gene1359.1	34	33	30
gene1360.1	38	26	32
gene1361.1	32	29	33
gene1362.1	33	30	26
gene1363.1	25	30	35
gene1364.1	24	37	30
gene1365.1	31	19	32
gene1366.1	31	30	29
gene1367.1	29	27	32
gene1368.1	30	25	25
gene1369.1	37	33	43
gene1370.1	28	20	25
gene1371.1	29	24	25
gene1372.1	26	21	34
gene1373.1	28	32	25
gene1374.1	36	39	37
gene1375.1	28	32	43
gene1376.1	32	33	23
gene1377.1	25	27	29
gene1378.1	33	29	26
gene1379.1	37	36	25
gene1380.1	25	35	28
gene1381.1	31	27	36
gene1382.1	42	30	32
gene1383.1	26	30	27
gene1384.1	25	29	41
gene1385.1	32	37	31
gene1386.1	36	26	26
gene1387.1	34	29	27
gene1388.1	35	25	31
gene1389.1	27	32	30
gene1390.1	20	37	25
gene1391.1	28	28	24
gene1392.1	31	30	37
gene1393.1	29	32	20
gene1394.1	33	27	30
gene1395.1	19	31	30
gene1396.1	30	35	33
gene1397.1	30	34	31
gene1398.1	36	33	26
gene1399.1	30	31	29
gene1400.1	39	40	42
gene1401.1	28	37	29
gene1402.1	32	34	34
gene1403.1	24	36	31
gene1404.1	27	31	31
gene1405.1	36	27	29
gene1406.1	39	35	38
gene1407.1	27	38	29
gene1408.1	29	30	34
gene1409.1	30	28	38
gene1410.1	26	25	26
gene1411.1	42	29	31
gene1412.1	29	39	28
gene1413.1	26	33	26
gene1414.1	32	25	22
gene1415.1	26	39	27
gene1416.1	42	27	31
gene1417.1	30	32	37
gene1418.1	26	32	28
gene1419.1	28	38	29
gene1420.1	16	33	33
gene1421.1	27	35	29
gene1422.1	29	29	29
gene1423.1	32	30	30
gene1424.1	22	34	30
gene1425.1	31	32	23
gene1426.1	34	27	34
gene1427.1	24	37	22
gene1428.1	30	35	29
gene1429.1	22	36	33
gene1430.1	34	36	29
gene1431.1	33	29	32
gene1432.1	24	37	20
gene1433.1	25	28	28
gene1434.1	27	47	25
gene1435.1	25	31	30
gene1436.1	21	28	29
gene1437.1	37	37	31
gene1438.1	33	36	37
gene1439.1	30	31	24
gene1440.1	28	35	26
gene1441.1	27	36	36
gene1442.1	38	38	34
gene1443.1	34	25	25
gene1444.1	40	24	32
gene1445.1	37	34	29
gene1446.1	32	33	19
gene1447.1	35	32	17
gene1448.1	27	34	30
gene1449.1	24	33	34
gene1450.1	19	27	28
gene1451.1	26	26	39
gene1452.1	21	32	29
gene1453.1	31	28	30
gene1454.1	22	24	37
gene1455.1	23	20	30
gene1456.1	24	28	20
gene1457.1	28	31	31
gene1458.1	33	30	34
gene1459.1	30	20	27
gene1460.1	29	34	21
gene1461.1	29	22	30
gene1462.1	32	33	32
gene1463.1	31	36	21
gene1464.1	37	17	35
gene1465.1	31	34	38
gene1466.1	20	29	32
gene1467.1	35	33	27
gene1468.1	23	35	28
gene1469.1	29	19	29
gene1470.1	35	29	42
gene1471.1	25	39	28
gene1472.1	33	27	28
gene1473.1	29	27	38
gene1474.1	23	35	24
gene1475.1	29	37	25
gene1476.1	38	24	41
gene1477.1	30	23	20
gene1478.1	29	27	33
gene1479.1	38	36	37
gene1480.1	18	32	21
gene1481.1	33	32	37
gene1482.1	33	33	28
gene1483.1	40	31	26
gene1484.1	29	44	24
gene1485.1	36	40	30
gene1486.1	33	41	37
gene1487.1	40	33	22
gene1488.1	25	27	26
gene1489.1	22	45	26
gene1490.1	25	30	33
gene1491.1	26	30	24
gene1492.1	25	26	29
gene1493.1	27	27	29
gene1494.1	34	34	29
gene1495.1	28	34	45
gene1496.1	37	22	32
gene1497.1	28	38	34
gene1498.1	38	24	28
gene1499.1	32	25	31
gene1500.1	28	21	28
gene1501.1	23	23	28
gene1502.1	28	26	29
gene1503.1	27	36	37
gene1504.1	38	28	24
gene1505.1	27	25	33
gene1506.1	27	33	18
gene1507.1	28	33	23
gene1508.1	36	37	24
gene1509.1	26	33	34
gene1510.1	38	30	39
gene1511.1	36	29	32
gene1512.1	39	24	36
gene1513.1	34	37	30
gene1514.1	29	29	36
gene1515.1	31	28	28
gene1516.1	20	29	28
gene1517.1	22	28	27
gene1518.1	31	24	30
gene1519.1	47	37	24
gene1520.1	25	22	22
gene1521.1	35	26	25
gene1522.1	28	28	32
gene1523.1	37	31	35
gene1524.1	37	40	21
gene1525.1	20	37	28
gene1526.1	38	45	26
gene1527.1	28	27	33
gene1528.1	20	36	29
gene1529.1	34	30	23
gene1530.1	38	17	32
gene1531.1	32	30	30
gene1532.1	29	25	29
gene1533.1	33	29	32
gene1534.1	29	36	28
gene1535.1	33	24	24
gene1536.1	31	30	29
gene1537.1	27	23	25
gene1538.1	31	29	20
gene1539.1	28	35	36
gene1540.1	23	34	22
gene1541.1	25	26	33
gene1542.1	27	27	25
gene1543.1	36	43	28
gene1544.1	30	26	26
gene1545.1	20	29	24
gene1546.1	35	36	28
gene1547.1	28	41	32
gene1548.1	26	26	33
gene1549.1	34	30	25
gene1550.1	30	31	29
gene1551.1	28	30	27
gene1552.1	26	30	24
gene1553.1	38	24	20
gene1554.1	31	29	31
gene1555.1	34	29	38
gene1556.1	27	30	33
gene1557.1	25	30	32
gene1558.1	28	24	23
gene1559.1	29	28	33
gene1560.1	23	39	30
gene1561.1	30	28	25
gene1562.1	28	17	38
gene1563.1	31	35	36
gene1564.1	31	29	24
gene1565.1	27	23	32
gene1566.1	37	38	32
gene1567.1	26	32	32
gene1568.1	32	28	25
gene1569.1	28	28	27
gene1570.1	27	19	24
gene1571.1	35	31	33
gene1572.1	40	27	30
gene1573.1	36	32	27
gene1574.1	29	20	40
gene1575.1	26	37	31
gene1576.1	35	36	28
gene1577.1	30	20	27
gene1578.1	32	19	20
gene1579.1	24	35	30
gene1580.1	43	30	24
gene1581.1	25	35	28
gene1582.1	21	26	25
gene1583.1	26	26	33
gene1584.1	28	35	27
gene1585.1	23	38	28
gene1586.1	29	26	27
gene1587.1	19	37	40
gene1588.1	33	30	27
gene1589.1	34	29	29
gene1590.1	30	27	36
gene1591.1	32	31	28
gene1592.1	43	20	35
gene1593.1	25	28	30
gene1594.1	28	45	26
gene1595.1	35	31	28
gene1596.1	28	24	31
gene1597.1	40	35	24
gene1598.1	38	39	36
gene1599.1	17	23	28
gene1600.1	26	28	31
gene1601.1	36	32	33
gene1602.1	29	34	30
gene1603.1	36	25	26
gene1604.1	19	31	37
gene1605.1	30	32	30
gene1606.1	36	35	27
gene1607.1	27	23	26
gene1608.1	30	24	26
gene1609.1	24	37	36
gene1610.1	37	27	32
gene1611.1	25	31	28
gene1612.1	31	26	24
gene1613.1	26	28	34
gene1614.1	32	38	29
gene1615.1	19	29	25
gene1616.1	35	32	38
gene1617.1	26	42	19
gene1618.1	23	28	43
gene1619.1	35	23	29
gene1620.1	29	34	30
gene1621.1	26	29	42
gene1622.1	31	34	30
gene1623.1	38	33	21
gene1624.1	31	37	20
gene1625.1	29	33	26
gene1626.1	28	31	33
gene1627.1	30	26	30
gene1628.1	25	25	24
gene1629.1	32	38	42
gene1630.1	27	27	29
gene1631.1	25	23	30
gene1632.1	32	28	32
gene1633.1	25	29	32
gene1634.1	28	26	23
gene1635.1	27	23	33
gene1636.1	28	19	40
gene1637.1	40	27	30
gene1638.1	37	23	32
gene1639.1	32	35	27
gene1640.1	42	38	37
gene1641.1	29	29	30
gene1642.1	32	28	26
gene1643.1	24	29	28
gene1644.1	28	28	25
gene1645.1	29	32	26
gene1646.1	28	28	41
gene1647.1	32	37	21
gene1648.1	29	32	30
gene1649.1	28	29	32
gene1650.1	25	29	32
gene1651.1	25	33	38
gene1652.1	36	34	39
gene1653.1	25	23	33
gene1654.1	28	26	29
gene1655.1	28	26	32
gene1656.1	30	38	31
gene1657.1	31	30	28
gene1658.1	35	25	33
gene1659.1	35	23	27
gene1660.1	23	24	23
gene1661.1	23	34	26
gene1662.1	24	45	29
gene1663.1	25	43	25
gene1664.1	34	32	25
gene1665.1	19	25	25
gene1666.1	22	24	39
gene1667.1	30	31	27
gene1668.1	28	32	28
gene1669.1	34	22	15
gene1670.1	24	33	33
gene1671.1	31	38	39
gene1672.1	37	23	29
gene1673.1	37	26	28
gene1674.1	29	25	32
gene1675.1	33	38	31
gene1676.1	24	37	31
gene1677.1	26	36	30
gene1678.1	27	29	32
gene1679.1	38	24	23
gene1680.1	24	34	27
gene1681.1	32	22	32
gene1682.1	34	24	30
gene1683.1	33	24	26
gene1684.1	27	27	25
gene1685.1	25	30	28
gene1686.1	25	37	27
gene1687.1	28	32	23
gene1688.1	31	27	34
gene1689.1	23	32	38
gene1690.1	27	29	31
gene1691.1	29	23	16
gene1692.1	25	31	29
gene1693.1	37	30	35
gene1694.1	28	28	27
gene1695.1	27	22	25
gene1696.1	22	29	24
gene1697.1	30	41	29
gene1698.1	21	25	36
gene1699.1	34	32	35
gene1700.1	34	33	29
gene1701.1	21	38	31
gene1702.1	33	27	30
gene1703.1	23	33	37
gene1704.1	32	38	38
gene1705.1	25	24	28
gene1706.1	28	28	28
gene1707.1	31	27	33
gene1708.1	28	31	35
gene1709.1	30	40	27
gene1710.1	28	30	20
gene1711.1	37	29	34
gene1712.1	31	29	34
gene1713.1	23	35	25
gene1714.1	33	24	37
gene1715.1	27	26	28
gene1716.1	33	36	27
gene1717.1	19	25	28
gene1718.1	40	32	33
gene1719.1	39	33	30
gene1720.1	31	25	30
gene1721.1	36	36	23
gene1722.1	22	29	29
gene1723.1	26	35	31
gene1724.1	21	26	31
gene1725.1	28	29	34
gene1726.1	29	26	35
gene1727.1	29	30	31
gene1728.1	32	33	33
gene1729.1	40	29	35
gene1730.1	35	35	27
gene1731.1	30	33	25
gene1732.1	19	33	29
gene1733.1	32	25	32
gene1734.1	21	29	20
gene1735.1	34	25	38
gene1736.1	27	29	32
gene1737.1	34	33	38
gene1738.1	33	41	33
gene1739.1	21	49	30
gene1740.1	46	42	27
gene1741.1	34	20	29
gene1742.1	25	34	28
gene1743.1	25	27	29
gene1744.1	22	30	28
gene1745.1	30	27	27
gene1746.1	26	30	30
gene1747.1	20	31	24
gene1748.1	25	26	30
gene1749.1	25	24	34
gene1750.1	24	32	39
gene1751.1	27	28	22
gene1752.1	32	30	42
gene1753.1	28	32	25
gene1754.1	28	29	26
gene1755.1	38	45	36
gene1756.1	34	37	34
gene1757.1	34	31	17
gene1758.1	33	31	37
gene1759.1	32	34	23
gene1760.1	30	26	28
gene1761.1	36	35	21
gene1762.1	39	32	37
gene1763.1	22	34	26
gene1764.1	30	28	33
gene1765.1	28	26	24
gene1766.1	25	29	36
gene1767.1	25	18	29
gene1768.1	28	30	42
gene1769.1	21	22	40
gene1770.1	28	34	31
gene1771.1	35	28	29
gene1772.1	30	16	33
gene1773.1	41	30	22
gene1774.1	25	24	33
gene1775.1	19	33	39
gene1776.1	34	26	32
gene1777.1	27	39	24
gene1778.1	23	33	24
gene1779.1	40	24	25
gene1780.1	30	17	37
gene1781.1	23	24	35
gene1782.1	33	30	34
gene1783.1	27	31	21
gene1784.1	34	25	31
gene1785.1	33	39	33
gene1786.1	31	22	41
gene1787.1	24	24	33
gene1788.1	27	30	27
gene1789.1	24	34	32
gene1790.1	30	30	26
gene1791.1	25	30	27
gene1792.1	33	22	31
gene1793.1	29	24	37
gene1794.1	27	27	21
gene1795.1	36	22	41
gene1796.1	44	34	28
gene1797.1	25	31	35
gene1798.1	32	35	29
gene1799.1	41	27	31
gene1800.1	35	35	37
gene1801.1	46	33	21
gene1802.1	26	33	23
gene1803.1	25	37	22
gene1804.1	38	30	29
gene1805.1	20	37	37
gene1806.1	34	35	24
gene1807.1	34	35	31
gene1808.1	27	31	35
gene1809.1	31	37	27
gene1810.1	31	31	32
gene1811.1	27	25	21
gene1812.1	30	26	20
gene1813.1	26	29	30
gene1814.1	27	30	25
gene1815.1	24	29	27
gene1816.1	31	39	36
gene1817.1	17	33	16
gene1818.1	32	21	33
gene1819.1	33	39	34
gene1820.1	32	25	29
gene1821.1	37	31	31
gene1822.1	28	23	31
gene1823.1	26	30	39
gene1824.1	35	27	31
gene1825.1	34	32	35
gene1826.1	31	28	34
gene1827.1	34	32	21
gene1828.1	38	31	33
gene1829.1	25	31	26
gene1830.1	31	24	23
gene1831.1	26	35	34
gene1832.1	27	47	34
gene1833.1	30	26	34
gene1834.1	38	29	28
gene1835.1	27	25	31
gene1836.1	33	35	36
gene1837.1	26	23	16
gene1838.1	26	36	30
gene1839.1	26	33	29
gene1840.1	27	35	28
gene1841.1	37	26	24
gene1842.1	40	27	23
gene1843.1	33	22	34
gene1844.1	27	24	28
gene1845.1	21	30	26
gene1846.1	23	25	30
gene1847.1	22	36	32
gene1848.1	41	28	31
gene1849.1	27	27	24
gene1850.1	29	35	32
gene1851.1	39	28	35
gene1852.1	31	27	30
gene1853.1	20	25	31
gene1854.1	20	30	33
gene1855.1	37	31	36
gene1856.1	25	34	36
gene1857.1	31	28	25
gene1858.1	31	26	28
gene1859.1	34	24	31
gene1860.1	35	29	32
gene1861.1	26	36	21
gene1862.1	28	29	31
gene1863.1	28	28	29
gene1864.1	25	30	25
gene1865.1	28	30	27
gene1866.1	37	33	29
gene1867.1	24	26	28
gene1868.1	36	26	28
gene1869.1	30	24	31
gene1870.1	41	28	36
gene1871.1	27	34	28
gene1872.1	31	33	28
gene1873.1	32	29	26
gene1874.1	30	30	31
gene1875.1	25	31	28
gene1876.1	24	27	31
gene1877.1	36	30	24
gene1878.1	33	34	35
gene1879.1	32	22	27
gene1880.1	36	33	38
gene1881.1	32	27	32
gene1882.1	33	40	17
gene1883.1	35	33	33
gene1884.1	26	33	28
gene1885.1	31	25	39
gene1886.1	49	22	28
gene1887.1	29	37	31
gene1888.1	35	30	23
gene1889.1	29	40	25
gene1890.1	29	25	34
gene1891.1	28	31	35
gene1892.1	30	25	32
gene1893.1	25	25	28
gene1894.1	26	26	23
gene1895.1	32	40	32
gene1896.1	31	32	25
gene1897.1	40	28	38
gene1898.1	30	27	29
gene1899.1	32	38	26
gene1900.1	21	32	23
gene1901.1	43	26	38
gene1902.1	20	34	31
gene1903.1	23	30	27
gene1904.1	33	37	22
gene1905.1	28	29	31
gene1906.1	18	29	26
gene1907.1	29	34	29
gene1908.1	28	27	37
gene1909.1	40	33	27
gene1910.1	39	25	43
gene1911.1	32	34	27
gene1912.1	21	22	32
gene1913.1	30	26	27
gene1914.1	31	29	34
gene1915.1	36	29	23
gene1916.1	38	28	38
gene1917.1	25	30	39
gene1918.1	32	34	31
gene1919.1	19	31	31
gene1920.1	37	31	24
gene1921.1	30	31	24
gene1922.1	24	29	27
gene1923.1	29	30	32
gene1924.1	33	35	26
gene1925.1	30	27	25
gene1926.1	31	27	23
gene1927.1	27	27	23
gene1928.1	37	34	20
gene1929.1	35	30	25
gene1930.1	44	37	30
gene1931.1	27	22	30
gene1932.1	30	35	27
gene1933.1	28	36	19
gene1934.1	35	22	30
gene1935.1	29	29	23
gene1936.1	27	41	23
gene1937.1	24	26	35
gene1938.1	27	37	33
gene1939.1	23	36	29
gene1940.1	27	24	31
gene1941.1	27	29	39
gene1942.1	23	31	26
gene1943.1	35	32	26
gene1944.1	30	33	29
gene1945.1	26	32	29
gene1946.1	29	34	28
gene1947.1	19	31	27
gene1948.1	37	42	31
gene1949.1	29	30	29
gene1950.1	29	30	23
gene1951.1	25	31	21
gene1952.1	24	26	32
gene1953.1	31	26	26
gene1954.1	30	27	24
gene1955.1	23	34	35
gene1956.1	25	30	34
gene1957.1	34	33	27
gene1958.1	31	37	36
gene1959.1	29	31	36
gene1960.1	34	27	27
gene1961.1	19	22	34
gene1962.1	26	26	34
gene1963.1	34	38	23
gene1964.1	29	33	29
gene1965.1	39	32	34
gene1966.1	30	34	19
gene1967.1	23	31	35
gene1968.1	42	43	30
gene1969.1	21	22	44
gene1970.1	36	33	24
gene1971.1	31	43	22
gene1972.1	28	18	23
gene1973.1	34	32	29
gene1974.1	27	24	37
gene1975.1	24	33	16
gene1976.1	36	22	28
gene1977.1	26	32	16
gene1978.1	28	24	33
gene1979.1	37	34	25
gene1980.1	24	38	35
gene1981.1	25	31	34
gene1982.1	34	27	32
gene1983.1	39	30	33
gene1984.1	39	37	24
gene1985.1	23	29	35
gene1986.1	29	39	35
gene1987.1	37	34	41
gene1988.1	29	34	19
gene1989.1	34	31	19
gene1990.1	28	34	23
gene1991.1	34	24	28
gene1992.1	36	30	34
gene1993.1	26	44	41
gene1994.1	24	27	33
gene1995.1	36	26	26
gene1996.1	30	30	26
gene1997.1	20	36	36
gene1998.1	32	28	27
gene1999.1	36	32	32
gene2000.1	24	29	23
